1.0 9.2716363e-01 4.8144668e-03
2.0 9.2520210e-01 4.8093713e-03
3.0 9.2783184e-01 4.8162014e-03
4.0 9.2769743e-01 4.8158526e-03
5.0 9.3344341e-01 4.8307438e-03
6.0 9.4235005e-01 4.8537358e-03
7.0 9.4543687e-01 4.8616789e-03
8.0 9.3123866e-01 4.8250354e-03
9.0 9.3220744e-01 4.8275445e-03
10.0 9.2915817e-01 4.8196426e-03
11.0 9.4031713e-01 4.8484976e-03
12.0 9.3522844e-01 4.8353605e-03
13.0 9.2381136e-01 4.8057553e-03
14.0 9.3026523e-01 4.8225129e-03
15.0 9.2014267e-01 4.7962034e-03
16.0 9.3313667e-01 4.8299500e-03
17.0 9.4272589e-01 4.8547036e-03
18.0 9.3553662e-01 4.8361571e-03
19.0 9.2819200e-01 4.8171361e-03
20.0 9.2258019e-01 4.8025519e-03
21.0 9.1477544e-01 4.7821947e-03
22.0 9.1428290e-01 4.7809071e-03
23.0 9.1362156e-01 4.7791777e-03
24.0 9.1885190e-01 4.7928382e-03
25.0 9.1282292e-01 4.7770884e-03
26.0 9.2908040e-01 4.8194409e-03
27.0 9.3067725e-01 4.8235808e-03
28.0 9.3274774e-01 4.8289433e-03
29.0 9.3422655e-01 4.8327698e-03
30.0 9.3628381e-01 4.8380880e-03
31.0 9.3559368e-01 4.8363046e-03
32.0 9.4352599e-01 4.8567633e-03
33.0 9.3973636e-01 4.8470000e-03
34.0 9.4937683e-01 4.8717985e-03
35.0 9.4984949e-01 4.8730111e-03
36.0 9.4504857e-01 4.8606805e-03
37.0 9.4371374e-01 4.8572465e-03
38.0 9.5052409e-01 4.8747413e-03
39.0 9.5218195e-01 4.8789906e-03
40.0 9.6402786e-01 4.9092461e-03
41.0 9.6839449e-01 4.9203519e-03
42.0 9.6407740e-01 4.9093722e-03
43.0 9.5662871e-01 4.8903699e-03
44.0 9.5499602e-01 4.8861949e-03
45.0 9.4969845e-01 4.8726237e-03
46.0 9.4487984e-01 4.8602465e-03
47.0 9.3592883e-01 4.8371708e-03
48.0 9.4061264e-01 4.8492593e-03
49.0 9.3524329e-01 4.8353989e-03
50.0 9.4364841e-01 4.8570784e-03
51.0 9.3303245e-01 4.8296803e-03
52.0 9.5102975e-01 4.8760377e-03
53.0 9.4802396e-01 4.8683261e-03
54.0 9.4165035e-01 4.8519335e-03
55.0 9.3869832e-01 4.8443223e-03
56.0 9.3953670e-01 4.8464851e-03
57.0 9.2222876e-01 4.8016371e-03
58.0 9.2183789e-01 4.8006195e-03
59.0 9.2498025e-01 4.8087947e-03
60.0 9.2469347e-01 4.8080492e-03
61.0 9.1806737e-01 4.7907916e-03
62.0 9.1894940e-01 4.7930925e-03
63.0 9.2774032e-01 4.8159639e-03
64.0 9.3716457e-01 4.8403631e-03
65.0 9.3489273e-01 4.8344926e-03
66.0 9.3474233e-01 4.8341037e-03
67.0 9.3192585e-01 4.8268154e-03
68.0 9.3319813e-01 4.8301091e-03
69.0 9.3246821e-01 4.8282197e-03
70.0 9.3087909e-01 4.8241038e-03
71.0 9.2132370e-01 4.7992804e-03
72.0 9.1474373e-01 4.7821118e-03
73.0 9.2398952e-01 4.8062187e-03
74.0 9.2861185e-01 4.8182254e-03
75.0 9.2707174e-01 4.8142283e-03
76.0 9.2645572e-01 4.8126285e-03
77.0 9.3007535e-01 4.8220207e-03
78.0 9.2793267e-01 4.8164631e-03
79.0 9.3269544e-01 4.8288080e-03
80.0 9.3271072e-01 4.8288475e-03
81.0 9.2665929e-01 4.8131572e-03
82.0 9.3171231e-01 4.8262623e-03
83.0 9.3366195e-01 4.8313092e-03
84.0 9.3871712e-01 4.8443708e-03
85.0 9.4471014e-01 4.8598100e-03
86.0 9.5062057e-01 4.8749887e-03
87.0 9.5435796e-01 4.8845623e-03
88.0 9.5217837e-01 4.8789814e-03
89.0 9.5232248e-01 4.8793506e-03
90.0 9.4979848e-01 4.8728803e-03
91.0 9.4684813e-01 4.8653061e-03
92.0 9.4142628e-01 4.8513562e-03
93.0 9.3201090e-01 4.8270356e-03
94.0 9.4088768e-01 4.8499683e-03
95.0 9.3847671e-01 4.8437504e-03
96.0 9.3683913e-01 4.8395225e-03
97.0 9.3560854e-01 4.8363430e-03
98.0 9.3334915e-01 4.8304999e-03
99.0 9.3193006e-01 4.8268263e-03
100.0 9.2845764e-01 4.8178254e-03
101.0 9.3121787e-01 4.8249815e-03
102.0 9.3456072e-01 4.8336341e-03
103.0 9.3074695e-01 4.8237614e-03
104.0 9.3311852e-01 4.8299030e-03
105.0 9.4134137e-01 4.8511375e-03
106.0 9.4103971e-01 4.8503601e-03
107.0 9.4347346e-01 4.8566281e-03
108.0 9.4854226e-01 4.8696567e-03
109.0 9.4344546e-01 4.8565560e-03
110.0 9.4383583e-01 4.8575607e-03
111.0 9.3648958e-01 4.8386196e-03
112.0 9.5044943e-01 4.8745498e-03
113.0 9.4632811e-01 4.8639699e-03
114.0 9.3061583e-01 4.8234216e-03
115.0 9.3512098e-01 4.8350827e-03
116.0 9.3396903e-01 4.8321037e-03
117.0 9.4017564e-01 4.8481328e-03
118.0 9.5207096e-01 4.8787062e-03
119.0 9.4273703e-01 4.8547323e-03
120.0 9.4560998e-01 4.8621240e-03
121.0 9.4461502e-01 4.8595654e-03
122.0 9.4344783e-01 4.8565622e-03
123.0 9.5256351e-01 4.8799680e-03
124.0 9.5424344e-01 4.8842693e-03
125.0 9.4352585e-01 4.8567630e-03
126.0 9.4829107e-01 4.8690119e-03
127.0 9.5243303e-01 4.8796338e-03
128.0 9.3858510e-01 4.8440301e-03
129.0 9.2601305e-01 4.8114786e-03
130.0 9.1886635e-01 4.7928759e-03
131.0 9.0954326e-01 4.7684989e-03
132.0 9.2930665e-01 4.8200277e-03
133.0 9.1946722e-01 4.7944427e-03
134.0 9.1561603e-01 4.7843914e-03
135.0 9.1364309e-01 4.7792340e-03
136.0 9.0923858e-01 4.7677001e-03
137.0 9.0771660e-01 4.7637081e-03
138.0 9.1680750e-01 4.7875033e-03
139.0 9.0946806e-01 4.7683018e-03
140.0 9.2228317e-01 4.8017788e-03
141.0 9.3726681e-01 4.8406271e-03
142.0 9.4579470e-01 4.8625989e-03
143.0 9.5035343e-01 4.8743036e-03
144.0 9.5808917e-01 4.8941015e-03
145.0 9.6830926e-01 4.9201353e-03
146.0 9.5437102e-01 4.8845958e-03
147.0 9.6095796e-01 4.9014232e-03
148.0 9.6223018e-01 4.9046666e-03
149.0 9.6933373e-01 4.9227374e-03
150.0 9.5917972e-01 4.8968861e-03
151.0 9.5170308e-01 4.8777635e-03
152.0 9.4872618e-01 4.8701288e-03
153.0 9.4340328e-01 4.8564475e-03
154.0 9.4164222e-01 4.8519126e-03
155.0 9.3922258e-01 4.8456748e-03
156.0 9.4568907e-01 4.8623273e-03
157.0 9.3251288e-01 4.8283354e-03
158.0 9.3633554e-01 4.8382217e-03
159.0 9.4449546e-01 4.8592578e-03
160.0 9.4337894e-01 4.8563848e-03
161.0 9.5440724e-01 4.8846885e-03
162.0 9.5368899e-01 4.8828501e-03
163.0 9.6722513e-01 4.9173803e-03
164.0 9.6772123e-01 4.9186412e-03
165.0 9.5800916e-01 4.8938971e-03
166.0 9.5508074e-01 4.8864116e-03
167.0 9.5262901e-01 4.8801358e-03
168.0 9.5669685e-01 4.8905441e-03
169.0 9.6019958e-01 4.8994887e-03
170.0 9.6017746e-01 4.8994323e-03
171.0 9.5575017e-01 4.8881238e-03
172.0 9.5110366e-01 4.8762272e-03
173.0 9.4707043e-01 4.8658772e-03
174.0 9.4408120e-01 4.8581921e-03
175.0 9.4474081e-01 4.8598889e-03
176.0 9.4743115e-01 4.8668038e-03
177.0 9.5682866e-01 4.8908810e-03
178.0 9.5837129e-01 4.8948220e-03
179.0 9.6598429e-01 4.9142250e-03
180.0 9.6277020e-01 4.9060427e-03
181.0 9.6354892e-01 4.9080264e-03
182.0 9.4662381e-01 4.8647297e-03
183.0 9.4509126e-01 4.8607902e-03
184.0 9.3803902e-01 4.8426208e-03
185.0 9.4469863e-01 4.8597804e-03
186.0 9.4102957e-01 4.8503340e-03
187.0 9.2977244e-01 4.8212355e-03
188.0 9.2782185e-01 4.8161755e-03
189.0 9.2550315e-01 4.8101537e-03
190.0 9.2304899e-01 4.8037720e-03
191.0 9.3045115e-01 4.8229948e-03
192.0 9.3389647e-01 4.8319160e-03
193.0 9.3058558e-01 4.8233432e-03
194.0 9.4338504e-01 4.8564005e-03
195.0 9.4966525e-01 4.8725385e-03
196.0 9.5056858e-01 4.8748553e-03
197.0 9.5319056e-01 4.8815740e-03
198.0 9.6392336e-01 4.9089800e-03
199.0 9.6449626e-01 4.9104386e-03
200.0 9.5854083e-01 4.8952549e-03
201.0 9.6017155e-01 4.8994172e-03
202.0 9.6184151e-01 4.9036760e-03
203.0 9.6095742e-01 4.9014218e-03
204.0 9.5278315e-01 4.8805306e-03
205.0 9.4417590e-01 4.8584357e-03
206.0 9.5510012e-01 4.8864612e-03
207.0 9.4085429e-01 4.8498822e-03
208.0 9.4018765e-01 4.8481637e-03
209.0 9.4024115e-01 4.8483017e-03
210.0 9.4151413e-01 4.8515826e-03
211.0 9.4603423e-01 4.8632146e-03
212.0 9.3176916e-01 4.8264096e-03
213.0 9.2965781e-01 4.8209382e-03
214.0 9.3772492e-01 4.8418099e-03
215.0 9.3272925e-01 4.8288955e-03
216.0 9.3062972e-01 4.8234576e-03
217.0 9.2877279e-01 4.8186430e-03
218.0 9.3313015e-01 4.8299331e-03
219.0 9.2532531e-01 4.8096916e-03
220.0 9.1709081e-01 4.7882429e-03
221.0 9.1409957e-01 4.7804278e-03
222.0 9.1086694e-01 4.7719675e-03
223.0 9.1034861e-01 4.7706095e-03
224.0 9.2047721e-01 4.7970752e-03
225.0 9.1912389e-01 4.7935475e-03
226.0 9.0655219e-01 4.7606517e-03
227.0 8.9433628e-01 4.7284678e-03
228.0 8.9944745e-01 4.7419602e-03
229.0 9.0607536e-01 4.7593996e-03
230.0 9.0630755e-01 4.7600093e-03
231.0 9.0880585e-01 4.7665655e-03
232.0 9.1482773e-01 4.7823314e-03
233.0 9.1412947e-01 4.7805059e-03
234.0 9.2013450e-01 4.7961821e-03
235.0 9.1980319e-01 4.7953186e-03
236.0 9.3365629e-01 4.8312946e-03
237.0 9.2248762e-01 4.8023110e-03
238.0 9.1442086e-01 4.7812678e-03
239.0 9.0503356e-01 4.7566626e-03
240.0 8.9801948e-01 4.7381945e-03
241.0 8.9534129e-01 4.7311238e-03
242.0 8.9841984e-01 4.7392506e-03
243.0 9.0812140e-01 4.7647702e-03
244.0 9.0266587e-01 4.7504365e-03
245.0 9.0473898e-01 4.7558884e-03
246.0 8.9907391e-01 4.7409754e-03
247.0 8.9433745e-01 4.7284708e-03
248.0 8.9626253e-01 4.7335572e-03
249.0 9.0161154e-01 4.7476614e-03
250.0 9.0521535e-01 4.7571403e-03
251.0 9.0575768e-01 4.7585651e-03
252.0 9.1698765e-01 4.7879736e-03
253.0 9.1561128e-01 4.7843790e-03
254.0 9.2258258e-01 4.8025581e-03
255.0 9.3172229e-01 4.8262882e-03
256.0 9.3616651e-01 4.8377849e-03
257.0 9.3963509e-01 4.8467389e-03
258.0 9.3082191e-01 4.8239556e-03
259.0 9.1047522e-01 4.7709413e-03
260.0 9.0985830e-01 4.7693247e-03
261.0 9.0569821e-01 4.7584089e-03
262.0 9.0539342e-01 4.7576082e-03
263.0 9.0927728e-01 4.7678016e-03
264.0 9.1567794e-01 4.7845531e-03
265.0 9.2054504e-01 4.7972520e-03
266.0 9.2525095e-01 4.8094983e-03
267.0 9.2057464e-01 4.7973291e-03
268.0 9.3059171e-01 4.8233591e-03
269.0 9.2622062e-01 4.8120178e-03
270.0 9.2377595e-01 4.8056632e-03
271.0 9.3136478e-01 4.8253621e-03
272.0 9.2704300e-01 4.8141536e-03
273.0 9.1848814e-01 4.7918894e-03
274.0 9.1035117e-01 4.7706163e-03
275.0 9.1692175e-01 4.7878016e-03
276.0 9.1466892e-01 4.7819163e-03
277.0 9.2061986e-01 4.7974469e-03
278.0 9.1596251e-01 4.7852965e-03
279.0 9.2441947e-01 4.8073368e-03
280.0 9.3198938e-01 4.8269799e-03
281.0 9.3180122e-01 4.8264926e-03
282.0 9.4762874e-01 4.8673112e-03
283.0 9.4439066e-01 4.8589882e-03
284.0 9.4050780e-01 4.8489891e-03
285.0 9.2534267e-01 4.8097367e-03
286.0 9.2574264e-01 4.8107761e-03
287.0 9.2092161e-01 4.7982331e-03
288.0 9.0892002e-01 4.7668649e-03
289.0 9.0696770e-01 4.7617426e-03
290.0 9.0498532e-01 4.7565359e-03
291.0 8.9945096e-01 4.7419695e-03
292.0 8.9487407e-01 4.7298892e-03
293.0 8.8739194e-01 4.7100742e-03
294.0 8.8898022e-01 4.7142874e-03
295.0 8.9697154e-01 4.7354291e-03
296.0 9.0024950e-01 4.7440740e-03
297.0 9.0802829e-01 4.7645259e-03
298.0 9.1286051e-01 4.7771867e-03
299.0 9.2395396e-01 4.8061262e-03
300.0 9.3533966e-01 4.8356480e-03
301.0 9.3550746e-01 4.8360817e-03
302.0 9.3733174e-01 4.8407947e-03
303.0 9.3929263e-01 4.8458555e-03
304.0 9.3049809e-01 4.8231165e-03
305.0 9.1976024e-01 4.7952066e-03
306.0 9.1675894e-01 4.7873765e-03
307.0 9.1826007e-01 4.7912944e-03
308.0 9.2118995e-01 4.7989321e-03
309.0 9.3034796e-01 4.8227274e-03
310.0 9.4407156e-01 4.8581673e-03
311.0 9.3732522e-01 4.8407779e-03
312.0 9.2903554e-01 4.8193245e-03
313.0 9.3307954e-01 4.8298022e-03
314.0 9.3221105e-01 4.8275539e-03
315.0 9.3422551e-01 4.8327671e-03
316.0 9.3379291e-01 4.8316481e-03
317.0 9.3984768e-01 4.8472871e-03
318.0 9.4415918e-01 4.8583927e-03
319.0 9.4523859e-01 4.8611691e-03
320.0 9.4324455e-01 4.8560389e-03
321.0 9.4019605e-01 4.8481854e-03
322.0 9.4396230e-01 4.8578861e-03
323.0 9.4114885e-01 4.8506414e-03
324.0 9.3699154e-01 4.8399162e-03
325.0 9.3430079e-01 4.8329618e-03
326.0 9.3375802e-01 4.8315578e-03
327.0 9.3815570e-01 4.8429219e-03
328.0 9.5094361e-01 4.8758169e-03
329.0 9.4744844e-01 4.8668482e-03
330.0 9.4251307e-01 4.8541556e-03
331.0 9.4590253e-01 4.8628760e-03
332.0 9.4245572e-01 4.8540080e-03
333.0 9.3216118e-01 4.8274248e-03
334.0 9.3606191e-01 4.8375147e-03
335.0 9.2890426e-01 4.8189840e-03
336.0 9.3583350e-01 4.8369244e-03
337.0 9.3430919e-01 4.8329835e-03
338.0 9.2672719e-01 4.8133336e-03
339.0 9.2049167e-01 4.7971129e-03
340.0 9.1741863e-01 4.7890987e-03
341.0 9.1268451e-01 4.7767262e-03
342.0 9.1510641e-01 4.7830597e-03
343.0 9.1513739e-01 4.7831407e-03
344.0 9.1425883e-01 4.7808442e-03
345.0 9.1102726e-01 4.7723874e-03
346.0 9.0577305e-01 4.7586055e-03
347.0 9.1054537e-01 4.7711251e-03
348.0 8.9985226e-01 4.7430272e-03
349.0 9.1383971e-01 4.7797482e-03
350.0 9.1501496e-01 4.7828207e-03
351.0 9.1514249e-01 4.7831540e-03
352.0 9.0802154e-01 4.7645082e-03
353.0 9.0513266e-01 4.7569230e-03
354.0 8.9341284e-01 4.7260259e-03
355.0 8.9185843e-01 4.7219128e-03
356.0 8.9476959e-01 4.7296131e-03
357.0 8.8492901e-01 4.7035333e-03
358.0 8.9703608e-01 4.7355995e-03
359.0 9.0365430e-01 4.7530367e-03
360.0 9.0206158e-01 4.7488462e-03
361.0 9.0302137e-01 4.7513719e-03
362.0 9.0069135e-01 4.7452380e-03
363.0 8.9872238e-01 4.7400485e-03
364.0 9.0395440e-01 4.7538259e-03
365.0 9.1017662e-01 4.7701589e-03
366.0 9.1485676e-01 4.7824073e-03
367.0 9.0552404e-01 4.7579514e-03
368.0 9.0076791e-01 4.7454397e-03
369.0 9.0245553e-01 4.7498830e-03
370.0 9.1291646e-01 4.7773331e-03
371.0 9.0886333e-01 4.7667162e-03
372.0 9.0767749e-01 4.7636055e-03
373.0 9.0545565e-01 4.7577717e-03
374.0 9.0330337e-01 4.7521137e-03
375.0 9.1427721e-01 4.7808922e-03
376.0 9.1797944e-01 4.7905622e-03
377.0 9.3384146e-01 4.8317737e-03
378.0 9.3789978e-01 4.8422613e-03
379.0 9.4528601e-01 4.8612910e-03
380.0 9.3750618e-01 4.8412452e-03
381.0 9.3517418e-01 4.8352202e-03
382.0 9.4480448e-01 4.8600527e-03
383.0 9.4433498e-01 4.8588450e-03
384.0 9.4465751e-01 4.8596747e-03
385.0 9.5525528e-01 4.8868581e-03
386.0 9.5406711e-01 4.8838180e-03
387.0 9.5280759e-01 4.8805932e-03
388.0 9.5080675e-01 4.8754660e-03
389.0 9.5550620e-01 4.8874999e-03
390.0 9.5085136e-01 4.8755804e-03
391.0 9.4029069e-01 4.8484294e-03
392.0 9.4579923e-01 4.8626105e-03
393.0 9.4607620e-01 4.8633224e-03
394.0 9.4590663e-01 4.8628866e-03
395.0 9.5083109e-01 4.8755284e-03
396.0 9.5032357e-01 4.8742271e-03
397.0 9.5827915e-01 4.8945867e-03
398.0 9.5544048e-01 4.8873318e-03
399.0 9.4774502e-01 4.8676099e-03
400.0 9.5350899e-01 4.8823893e-03
401.0 9.5754931e-01 4.8927225e-03
402.0 9.6031220e-01 4.8997760e-03
403.0 9.5193851e-01 4.8783668e-03
404.0 9.5459802e-01 4.8851766e-03
405.0 9.4810827e-01 4.8685426e-03
406.0 9.4329867e-01 4.8561782e-03
407.0 9.4823978e-01 4.8688802e-03
408.0 9.4157117e-01 4.8517295e-03
409.0 9.4555558e-01 4.8619841e-03
410.0 9.3722735e-01 4.8405252e-03
411.0 9.3392905e-01 4.8320003e-03
412.0 9.2985726e-01 4.8214554e-03
413.0 9.3359538e-01 4.8311370e-03
414.0 9.2423921e-01 4.8068681e-03
415.0 9.1497929e-01 4.7827275e-03
416.0 9.0976089e-01 4.7690694e-03
417.0 9.0587760e-01 4.7588802e-03
418.0 9.1056776e-01 4.7711837e-03
419.0 9.2225593e-01 4.8017079e-03
420.0 9.1888739e-01 4.7929307e-03
421.0 9.2257837e-01 4.8025472e-03
422.0 9.1730612e-01 4.7888050e-03
423.0 9.1865746e-01 4.7923310e-03
424.0 9.1822839e-01 4.7912117e-03
425.0 9.1274792e-01 4.7768921e-03
426.0 9.2464792e-01 4.8079308e-03
427.0 9.2947880e-01 4.8204741e-03
428.0 9.2415275e-01 4.8066432e-03
429.0 9.2527543e-01 4.8095619e-03
430.0 9.3506153e-01 4.8349290e-03
431.0 9.2965955e-01 4.8209427e-03
432.0 9.3466923e-01 4.8339147e-03
433.0 9.3417097e-01 4.8326260e-03
434.0 9.3831794e-01 4.8433407e-03
435.0 9.2806022e-01 4.8167941e-03
436.0 9.2645969e-01 4.8126388e-03
437.0 9.2257772e-01 4.8025455e-03
438.0 9.1899718e-01 4.7932171e-03
439.0 9.1622756e-01 4.7859888e-03
440.0 9.3101777e-01 4.8244631e-03
441.0 9.3611330e-01 4.8376474e-03
442.0 9.4877125e-01 4.8702445e-03
443.0 9.4645538e-01 4.8642969e-03
444.0 9.3805069e-01 4.8426509e-03
445.0 9.2759938e-01 4.8155981e-03
446.0 9.2533536e-01 4.8097177e-03
447.0 9.2253238e-01 4.8024275e-03
448.0 9.3170932e-01 4.8262546e-03
449.0 9.3117892e-01 4.8248806e-03
450.0 9.3802144e-01 4.8425754e-03
451.0 9.3693397e-01 4.8397675e-03
452.0 9.3320601e-01 4.8301295e-03
453.0 9.4342188e-01 4.8564954e-03
454.0 9.3231276e-01 4.8278172e-03
455.0 9.4067013e-01 4.8494076e-03
456.0 9.3726083e-01 4.8406116e-03
457.0 9.4947879e-01 4.8720601e-03
458.0 9.4528712e-01 4.8612939e-03
459.0 9.4374514e-01 4.8573273e-03
460.0 9.3578380e-01 4.8367960e-03
461.0 9.2243197e-01 4.8021661e-03
462.0 9.1398207e-01 4.7801205e-03
463.0 9.1944325e-01 4.7943802e-03
464.0 9.1512355e-01 4.7831045e-03
465.0 9.2757739e-01 4.8155410e-03
466.0 9.2548911e-01 4.8101173e-03
467.0 9.2980627e-01 4.8213231e-03
468.0 9.1745683e-01 4.7891984e-03
469.0 9.2050557e-01 4.7971491e-03
470.0 9.1327224e-01 4.7782639e-03
471.0 9.2360884e-01 4.8052285e-03
472.0 9.3071987e-01 4.8236912e-03
473.0 9.4098996e-01 4.8502319e-03
474.0 9.4424767e-01 4.8586204e-03
475.0 9.5226375e-01 4.8792001e-03
476.0 9.3596197e-01 4.8372564e-03
477.0 9.2256316e-01 4.8025076e-03
478.0 9.2753379e-01 4.8154278e-03
479.0 9.2940845e-01 4.8202916e-03
480.0 9.2052972e-01 4.7972120e-03
481.0 9.2450566e-01 4.8075609e-03
482.0 9.2500210e-01 4.8088515e-03
483.0 9.2309415e-01 4.8038895e-03
484.0 9.2213667e-01 4.8013974e-03
485.0 9.1836715e-01 4.7915738e-03
486.0 9.1630358e-01 4.7861874e-03
487.0 9.1264538e-01 4.7766238e-03
488.0 9.0555783e-01 4.7580402e-03
489.0 9.1523907e-01 4.7834064e-03
490.0 9.0327727e-01 4.7520450e-03
491.0 9.0551015e-01 4.7579149e-03
492.0 8.9489388e-01 4.7299416e-03
493.0 8.8819087e-01 4.7121940e-03
494.0 8.8553827e-01 4.7051522e-03
495.0 8.8931133e-01 4.7151653e-03
496.0 8.9695555e-01 4.7353869e-03
497.0 8.9487152e-01 4.7298825e-03
498.0 9.0223398e-01 4.7492999e-03
499.0 9.1281358e-01 4.7770639e-03
500.0 9.1309099e-01 4.7777898e-03
501.0 9.2290131e-01 4.8033877e-03
502.0 9.2193389e-01 4.8008694e-03
503.0 9.2485214e-01 4.8084617e-03
504.0 9.3399425e-01 4.8321689e-03
505.0 9.3352507e-01 4.8309551e-03
506.0 9.2231982e-01 4.8018742e-03
507.0 9.2458334e-01 4.8077629e-03
508.0 9.3085497e-01 4.8240413e-03
509.0 9.2789459e-01 4.8163643e-03
510.0 9.1342953e-01 4.7786754e-03
511.0 9.1707302e-01 4.7881965e-03
512.0 9.1090477e-01 4.7720666e-03
513.0 9.1442388e-01 4.7812757e-03
514.0 9.1007198e-01 4.7698847e-03
515.0 9.2052783e-01 4.7972071e-03
516.0 9.0627201e-01 4.7599160e-03
517.0 9.0921039e-01 4.7676262e-03
518.0 9.0874249e-01 4.7663993e-03
519.0 9.1196513e-01 4.7748433e-03
520.0 9.1549654e-01 4.7840792e-03
521.0 9.2223106e-01 4.8016431e-03
522.0 9.2002332e-01 4.7958923e-03
523.0 9.1823768e-01 4.7912360e-03
524.0 9.1624502e-01 4.7860344e-03
525.0 9.0575522e-01 4.7585587e-03
526.0 9.0574176e-01 4.7585233e-03
527.0 8.9459931e-01 4.7291630e-03
528.0 9.0302426e-01 4.7513794e-03
529.0 9.1396082e-01 4.7800649e-03
530.0 9.0990686e-01 4.7694519e-03
531.0 9.1236738e-01 4.7758962e-03
532.0 9.3014798e-01 4.8222090e-03
533.0 9.3405576e-01 4.8323280e-03
534.0 9.3935453e-01 4.8460152e-03
535.0 9.4030536e-01 4.8484672e-03
536.0 9.3149473e-01 4.8256988e-03
537.0 9.2609237e-01 4.8116847e-03
538.0 9.4020072e-01 4.8481974e-03
539.0 9.3197708e-01 4.8269480e-03
540.0 9.3492799e-01 4.8345838e-03
541.0 9.3895325e-01 4.8449800e-03
542.0 9.2174736e-01 4.8003838e-03
543.0 9.2470444e-01 4.8080777e-03
544.0 9.2015345e-01 4.7962315e-03
545.0 9.2996515e-01 4.8217351e-03
546.0 9.2774961e-01 4.8159880e-03
547.0 9.2739615e-01 4.8150705e-03
548.0 9.1754610e-01 4.7894314e-03
549.0 9.1847638e-01 4.7918587e-03
550.0 9.1927072e-01 4.7939304e-03
551.0 9.1586217e-01 4.7850344e-03
552.0 9.2407221e-01 4.8064338e-03
553.0 9.2092404e-01 4.7982394e-03
554.0 9.2324399e-01 4.8042794e-03
555.0 9.1333761e-01 4.7784349e-03
556.0 9.1328599e-01 4.7782999e-03
557.0 9.1162018e-01 4.7739402e-03
558.0 9.1412222e-01 4.7804870e-03
559.0 9.2059589e-01 4.7973844e-03
560.0 9.2626102e-01 4.8121228e-03
561.0 9.2601451e-01 4.8114824e-03
562.0 9.2215925e-01 4.8014562e-03
563.0 9.2111967e-01 4.7987490e-03
564.0 9.3707214e-01 4.8401243e-03
565.0 9.2877314e-01 4.8186439e-03
566.0 9.2511829e-01 4.8091535e-03
567.0 9.3359628e-01 4.8311393e-03
568.0 9.4010645e-01 4.8479544e-03
569.0 9.3969874e-01 4.8469030e-03
570.0 9.2944873e-01 4.8203961e-03
571.0 9.3503202e-01 4.8348527e-03
572.0 9.3536467e-01 4.8357127e-03
573.0 9.3985524e-01 4.8473066e-03
574.0 9.4198087e-01 4.8527850e-03
575.0 9.4415002e-01 4.8583692e-03
576.0 9.3485943e-01 4.8344065e-03
577.0 9.4153051e-01 4.8516248e-03
578.0 9.3522811e-01 4.8353597e-03
579.0 9.3701847e-01 4.8399858e-03
580.0 9.3849988e-01 4.8438102e-03
581.0 9.5193646e-01 4.8783616e-03
582.0 9.4628224e-01 4.8638520e-03
583.0 9.3209540e-01 4.8272544e-03
584.0 9.3010864e-01 4.8221070e-03
585.0 9.1766192e-01 4.7897336e-03
586.0 9.1633126e-01 4.7862597e-03
587.0 8.9831806e-01 4.7389821e-03
588.0 8.9836011e-01 4.7390931e-03
589.0 9.0241228e-01 4.7497692e-03
590.0 9.1173037e-01 4.7742287e-03
591.0 9.0544211e-01 4.7577361e-03
592.0 8.9717318e-01 4.7359613e-03
593.0 8.8773903e-01 4.7109952e-03
594.0 8.8976427e-01 4.7163659e-03
595.0 8.8871660e-01 4.7135884e-03
596.0 8.7974840e-01 4.6897452e-03
597.0 8.9669854e-01 4.7347084e-03
598.0 8.9110423e-01 4.7199159e-03
599.0 8.9061428e-01 4.7186181e-03
600.0 8.8936507e-01 4.7153077e-03
601.0 8.9094317e-01 4.7194893e-03
602.0 8.9366666e-01 4.7266972e-03
603.0 9.0124873e-01 4.7467061e-03
604.0 9.0695527e-01 4.7617100e-03
605.0 8.9912735e-01 4.7411163e-03
606.0 9.0656190e-01 4.7606772e-03
607.0 8.9913491e-01 4.7411363e-03
608.0 8.8408843e-01 4.7012989e-03
609.0 8.8933941e-01 4.7152397e-03
610.0 8.9381172e-01 4.7270808e-03
611.0 9.0034964e-01 4.7443378e-03
612.0 9.1273300e-01 4.7768531e-03
613.0 9.0661327e-01 4.7608121e-03
614.0 8.9813288e-01 4.7384937e-03
615.0 9.0535199e-01 4.7574993e-03
616.0 8.9945959e-01 4.7419922e-03
617.0 9.0976441e-01 4.7690786e-03
618.0 9.0695455e-01 4.7617081e-03
619.0 9.1084801e-01 4.7719179e-03
620.0 9.1447943e-01 4.7814209e-03
621.0 9.1394361e-01 4.7800199e-03
622.0 9.0512407e-01 4.7569005e-03
623.0 9.1816206e-01 4.7910387e-03
624.0 9.2168740e-01 4.8002276e-03
625.0 9.2807996e-01 4.8168454e-03
626.0 9.2428639e-01 4.8069907e-03
627.0 9.1907416e-01 4.7934178e-03
628.0 9.2171945e-01 4.8003111e-03
629.0 9.3499759e-01 4.8347637e-03
630.0 9.3634126e-01 4.8382364e-03
631.0 9.4029226e-01 4.8484334e-03
632.0 9.4064704e-01 4.8493480e-03
633.0 9.4199430e-01 4.8528196e-03
634.0 9.4391290e-01 4.8577590e-03
635.0 9.4093735e-01 4.8500963e-03
636.0 9.2588111e-01 4.8111358e-03
637.0 9.2921137e-01 4.8197805e-03
638.0 9.2387496e-01 4.8059207e-03
639.0 9.1805095e-01 4.7907488e-03
640.0 9.1451937e-01 4.7815253e-03
641.0 9.1581199e-01 4.7849033e-03
642.0 9.0755772e-01 4.7632912e-03
643.0 9.0381652e-01 4.7534633e-03
644.0 9.0549973e-01 4.7578875e-03
645.0 9.0053875e-01 4.7448360e-03
646.0 9.0827604e-01 4.7651759e-03
647.0 9.0729970e-01 4.7626141e-03
648.0 9.0064679e-01 4.7451206e-03
649.0 9.0311546e-01 4.7516194e-03
650.0 9.0567430e-01 4.7583461e-03
651.0 9.0165424e-01 4.7477738e-03
652.0 9.0043192e-01 4.7445546e-03
653.0 9.1176321e-01 4.7743147e-03
654.0 9.2234301e-01 4.8019346e-03
655.0 9.2382947e-01 4.8058024e-03
656.0 9.3200514e-01 4.8270207e-03
657.0 9.4291629e-01 4.8551939e-03
658.0 9.2438613e-01 4.8072501e-03
659.0 9.3079286e-01 4.8238804e-03
660.0 9.3147885e-01 4.8256576e-03
661.0 9.3470160e-01 4.8339984e-03
662.0 9.2383643e-01 4.8058205e-03
663.0 9.1061698e-01 4.7713127e-03
664.0 9.0687396e-01 4.7614965e-03
665.0 9.0806130e-01 4.7646125e-03
666.0 9.1217689e-01 4.7753976e-03
667.0 9.0612482e-01 4.7595295e-03
668.0 9.1248927e-01 4.7762152e-03
669.0 9.1590328e-01 4.7851418e-03
670.0 9.0902896e-01 4.7671505e-03
671.0 9.1186402e-01 4.7745786e-03
672.0 9.0700621e-01 4.7618437e-03
673.0 9.1176146e-01 4.7743101e-03
674.0 9.0303959e-01 4.7514198e-03
675.0 9.0576524e-01 4.7585850e-03
676.0 9.1172125e-01 4.7742048e-03
677.0 9.1023555e-01 4.7703133e-03
678.0 9.2233783e-01 4.8019211e-03
679.0 9.2518026e-01 4.8093146e-03
680.0 9.2407827e-01 4.8064495e-03
681.0 9.1637043e-01 4.7863620e-03
682.0 9.1930836e-01 4.7940285e-03
683.0 9.1935895e-01 4.7941604e-03
684.0 9.2494398e-01 4.8087004e-03
685.0 9.2919740e-01 4.8197443e-03
686.0 9.2589643e-01 4.8111756e-03
687.0 9.2732039e-01 4.8148738e-03
688.0 9.3234903e-01 4.8279111e-03
689.0 9.3813351e-01 4.8428646e-03
690.0 9.3325950e-01 4.8302679e-03
691.0 9.4486572e-01 4.8602102e-03
692.0 9.4371367e-01 4.8572463e-03
693.0 9.3057086e-01 4.8233051e-03
694.0 9.2428493e-01 4.8069869e-03
695.0 9.2306619e-01 4.8038167e-03
696.0 9.2820318e-01 4.8171651e-03
697.0 9.3618492e-01 4.8378325e-03
698.0 9.3803207e-01 4.8426028e-03
699.0 9.3025487e-01 4.8224861e-03
700.0 9.3051797e-01 4.8231680e-03
701.0 9.3473810e-01 4.8340928e-03
702.0 9.3246373e-01 4.8282081e-03
703.0 9.4703725e-01 4.8657920e-03
704.0 9.4539784e-01 4.8615786e-03
705.0 9.4844129e-01 4.8693976e-03
706.0 9.4409813e-01 4.8582356e-03
707.0 9.4576754e-01 4.8625290e-03
708.0 9.4324489e-01 4.8560398e-03
709.0 9.4273681e-01 4.8547318e-03
710.0 9.4314451e-01 4.8557814e-03
711.0 9.4833528e-01 4.8691254e-03
712.0 9.5673825e-01 4.8906499e-03
713.0 9.6991032e-01 4.9242013e-03
714.0 9.6868163e-01 4.9210813e-03
715.0 9.6921047e-01 4.9224244e-03
716.0 9.6694228e-01 4.9166612e-03
717.0 9.7455738e-01 4.9359837e-03
718.0 9.7172963e-01 4.9288174e-03
719.0 9.6974784e-01 4.9237888e-03
720.0 9.6689778e-01 4.9165481e-03
721.0 9.8269841e-01 4.9565573e-03
722.0 9.7592654e-01 4.9394497e-03
723.0 9.8072649e-01 4.9515818e-03
724.0 9.7481675e-01 4.9366405e-03
725.0 9.6917668e-01 4.9223386e-03
726.0 9.6697188e-01 4.9167364e-03
727.0 9.5744350e-01 4.8924521e-03
728.0 9.5465796e-01 4.8853300e-03
729.0 9.4800000e-01 4.8682646e-03
730.0 9.4318873e-01 4.8558952e-03
731.0 9.3954432e-01 4.8465048e-03
732.0 9.4457283e-01 4.8594569e-03
733.0 9.4812168e-01 4.8685770e-03
734.0 9.4239239e-01 4.8538449e-03
735.0 9.5160239e-01 4.8775055e-03
736.0 9.6253875e-01 4.9054530e-03
737.0 9.5882289e-01 4.8959751e-03
738.0 9.6050275e-01 4.9002621e-03
739.0 9.7318690e-01 4.9325118e-03
740.0 9.6493477e-01 4.9115547e-03
741.0 9.5699916e-01 4.8913167e-03
742.0 9.6504694e-01 4.9118402e-03
743.0 9.6444918e-01 4.9103187e-03
744.0 9.6920744e-01 4.9224167e-03
745.0 9.5281598e-01 4.8806147e-03
746.0 9.5397753e-01 4.8835887e-03
747.0 9.6164825e-01 4.9031833e-03
748.0 9.6098661e-01 4.9014962e-03
749.0 9.4225927e-01 4.8535020e-03
750.0 9.4240637e-01 4.8538809e-03
751.0 9.3674657e-01 4.8392835e-03
752.0 9.3309267e-01 4.8298361e-03
753.0 9.3386024e-01 4.8318223e-03
754.0 9.3545879e-01 4.8359559e-03
755.0 9.2912912e-01 4.8195672e-03
756.0 9.1983517e-01 4.7954019e-03
757.0 9.2148755e-01 4.7997072e-03
758.0 9.1651076e-01 4.7867284e-03
759.0 9.1502428e-01 4.7828451e-03
760.0 9.2358114e-01 4.8051565e-03
761.0 9.3190905e-01 4.8267719e-03
762.0 9.3194980e-01 4.8268774e-03
763.0 9.3223906e-01 4.8276264e-03
764.0 9.4017340e-01 4.8481270e-03
765.0 9.5534621e-01 4.8870907e-03
766.0 9.4253792e-01 4.8542196e-03
767.0 9.5111198e-01 4.8762485e-03
768.0 9.5092348e-01 4.8757653e-03
769.0 9.4812962e-01 4.8685974e-03
770.0 9.4252729e-01 4.8541923e-03
771.0 9.4024899e-01 4.8483219e-03
772.0 9.4149536e-01 4.8515342e-03
773.0 9.3066787e-01 4.8235565e-03
774.0 9.2079283e-01 4.7978976e-03
775.0 9.2141659e-01 4.7995224e-03
776.0 9.2132668e-01 4.7992882e-03
777.0 9.1454480e-01 4.7815918e-03
778.0 9.1392830e-01 4.7799799e-03
779.0 9.3117048e-01 4.8248588e-03
780.0 9.3676080e-01 4.8393202e-03
781.0 9.3636028e-01 4.8382856e-03
782.0 9.3920706e-01 4.8456348e-03
783.0 9.4320157e-01 4.8559283e-03
784.0 9.5148130e-01 4.8771952e-03
785.0 9.3677142e-01 4.8393476e-03
786.0 9.3286657e-01 4.8292509e-03
787.0 9.4423282e-01 4.8585822e-03
788.0 9.4412856e-01 4.8583139e-03
789.0 9.4073209e-01 4.8495672e-03
790.0 9.3726276e-01 4.8406166e-03
791.0 9.4200159e-01 4.8528384e-03
792.0 9.4590684e-01 4.8628871e-03
793.0 9.5109437e-01 4.8762034e-03
794.0 9.4761039e-01 4.8672641e-03
795.0 9.4699624e-01 4.8656866e-03
796.0 9.4587589e-01 4.8628076e-03
797.0 9.4247789e-01 4.8540650e-03
798.0 9.3480726e-01 4.8342716e-03
799.0 9.3500806e-01 4.8347908e-03
800.0 9.3139430e-01 4.8254386e-03
801.0 9.4142883e-01 4.8513628e-03
802.0 9.4954991e-01 4.8722426e-03
803.0 9.4681721e-01 4.8652267e-03
804.0 9.5118155e-01 4.8764269e-03
805.0 9.5852542e-01 4.8952156e-03
806.0 9.4113773e-01 4.8506127e-03
807.0 9.4552303e-01 4.8619005e-03
808.0 9.3222842e-01 4.8275989e-03
809.0 9.3197613e-01 4.8269456e-03
810.0 9.3499766e-01 4.8347639e-03
811.0 9.2921239e-01 4.8197832e-03
812.0 9.4429872e-01 4.8587517e-03
813.0 9.3938105e-01 4.8460836e-03
814.0 9.4890163e-01 4.8705791e-03
815.0 9.5299188e-01 4.8810652e-03
816.0 9.5447108e-01 4.8848518e-03
817.0 9.4757412e-01 4.8671710e-03
818.0 9.5477315e-01 4.8856247e-03
819.0 9.4576377e-01 4.8625194e-03
820.0 9.5187597e-01 4.8782066e-03
821.0 9.4714302e-01 4.8660637e-03
822.0 9.4866782e-01 4.8699790e-03
823.0 9.5434538e-01 4.8845301e-03
824.0 9.4858534e-01 4.8697673e-03
825.0 9.3669763e-01 4.8391570e-03
826.0 9.2857745e-01 4.8181362e-03
827.0 9.2529554e-01 4.8096142e-03
828.0 9.2683663e-01 4.8136178e-03
829.0 9.2258136e-01 4.8025550e-03
830.0 9.1796140e-01 4.7905151e-03
831.0 9.1815457e-01 4.7910191e-03
832.0 9.2756691e-01 4.8155138e-03
833.0 9.3924257e-01 4.8457264e-03
834.0 9.3186551e-01 4.8266591e-03
835.0 9.3211497e-01 4.8273051e-03
836.0 9.3547408e-01 4.8359955e-03
837.0 9.1285278e-01 4.7771665e-03
838.0 9.1153898e-01 4.7737275e-03
839.0 9.0912008e-01 4.7673894e-03
840.0 9.1031425e-01 4.7705195e-03
841.0 9.1822489e-01 4.7912026e-03
842.0 9.1541603e-01 4.7838688e-03
843.0 9.1827972e-01 4.7913456e-03
844.0 9.3093357e-01 4.8242450e-03
845.0 9.2645502e-01 4.8126267e-03
846.0 9.3249634e-01 4.8282925e-03
847.0 9.2897835e-01 4.8191762e-03
848.0 9.2451785e-01 4.8075926e-03
849.0 9.3091825e-01 4.8242053e-03
850.0 9.3167453e-01 4.8261645e-03
851.0 9.2835511e-01 4.8175594e-03
852.0 9.3364368e-01 4.8312620e-03
853.0 9.2774173e-01 4.8159676e-03
854.0 9.3526882e-01 4.8354649e-03
855.0 9.3611586e-01 4.8376540e-03
856.0 9.3491282e-01 4.8345445e-03
857.0 9.2927377e-01 4.8199424e-03
858.0 9.3099858e-01 4.8244134e-03
859.0 9.3288760e-01 4.8293054e-03
860.0 9.4975326e-01 4.8727643e-03
861.0 9.4465448e-01 4.8596669e-03
862.0 9.4167376e-01 4.8519938e-03
863.0 9.4098401e-01 4.8502165e-03
864.0 9.4548535e-01 4.8618036e-03
865.0 9.5021671e-01 4.8739530e-03
866.0 9.4074493e-01 4.8496003e-03
867.0 9.3986910e-01 4.8473423e-03
868.0 9.5155648e-01 4.8773879e-03
869.0 9.5328996e-01 4.8818285e-03
870.0 9.5390173e-01 4.8833947e-03
871.0 9.6627487e-01 4.9149641e-03
872.0 9.7556823e-01 4.9385429e-03
873.0 9.6799473e-01 4.9193362e-03
874.0 9.8049205e-01 4.9509900e-03
875.0 9.8587624e-01 4.9645651e-03
876.0 9.7723431e-01 4.9427581e-03
877.0 9.8513968e-01 4.9627102e-03
878.0 9.8714652e-01 4.9677624e-03
879.0 9.8804675e-01 4.9700271e-03
880.0 9.8766126e-01 4.9690574e-03
881.0 9.7480109e-01 4.9366008e-03
882.0 9.7599536e-01 4.9396239e-03
883.0 9.6474716e-01 4.9110772e-03
884.0 9.6010726e-01 4.8992532e-03
885.0 9.6540127e-01 4.9127418e-03
886.0 9.6438243e-01 4.9101488e-03
887.0 9.6119419e-01 4.9020256e-03
888.0 9.5277238e-01 4.8805030e-03
889.0 9.4414725e-01 4.8583620e-03
890.0 9.4039294e-01 4.8486930e-03
891.0 9.4915604e-01 4.8712320e-03
892.0 9.3659536e-01 4.8388929e-03
893.0 9.3217643e-01 4.8274642e-03
894.0 9.2568721e-01 4.8106320e-03
895.0 9.2141397e-01 4.7995155e-03
896.0 9.1909322e-01 4.7934675e-03
897.0 9.1859877e-01 4.7921780e-03
898.0 9.2074026e-01 4.7977606e-03
899.0 9.0402295e-01 4.7540061e-03
900.0 8.9813167e-01 4.7384905e-03
901.0 9.0625410e-01 4.7598690e-03
902.0 9.1070445e-01 4.7715418e-03
903.0 9.1059951e-01 4.7712669e-03
904.0 9.1993213e-01 4.7956546e-03
905.0 9.2191797e-01 4.8008280e-03
906.0 9.2277011e-01 4.8030462e-03
907.0 9.2657596e-01 4.8129408e-03
908.0 9.2035438e-01 4.7967551e-03
909.0 9.1964921e-01 4.7949171e-03
910.0 9.0735287e-01 4.7627536e-03
911.0 9.0753189e-01 4.7632234e-03
912.0 9.0860632e-01 4.7660422e-03
913.0 9.0575798e-01 4.7585659e-03
914.0 9.0654451e-01 4.7606316e-03
915.0 8.9780821e-01 4.7376371e-03
916.0 8.9818404e-01 4.7386286e-03
917.0 8.9632399e-01 4.7337195e-03
918.0 8.9700364e-01 4.7355138e-03
919.0 8.9275096e-01 4.7242750e-03
920.0 8.9616416e-01 4.7332974e-03
921.0 8.9563165e-01 4.7318909e-03
922.0 8.9112122e-01 4.7199609e-03
923.0 8.9351106e-01 4.7262857e-03
924.0 8.9700163e-01 4.7355085e-03
925.0 9.0834072e-01 4.7653455e-03
926.0 9.1309843e-01 4.7778092e-03
927.0 9.0650542e-01 4.7605289e-03
928.0 9.0356079e-01 4.7527908e-03
929.0 9.1205468e-01 4.7750777e-03
930.0 9.0709712e-01 4.7620823e-03
931.0 9.1687448e-01 4.7876782e-03
932.0 9.2059062e-01 4.7973707e-03
933.0 9.3102338e-01 4.8244777e-03
934.0 9.2783611e-01 4.8162125e-03
935.0 9.3248871e-01 4.8282728e-03
936.0 9.2698908e-01 4.8140136e-03
937.0 9.3390761e-01 4.8319448e-03
938.0 9.4066015e-01 4.8493818e-03
939.0 9.3953281e-01 4.8464751e-03
940.0 9.4516946e-01 4.8609913e-03
941.0 9.4763803e-01 4.8673351e-03
942.0 9.5710519e-01 4.8915877e-03
943.0 9.6564481e-01 4.9133614e-03
944.0 9.6618926e-01 4.9147464e-03
945.0 9.7148922e-01 4.9282077e-03
946.0 9.7237032e-01 4.9304420e-03
947.0 9.6760686e-01 4.9183505e-03
948.0 9.6220824e-01 4.9046107e-03
949.0 9.5150753e-01 4.8772624e-03
950.0 9.5401231e-01 4.8836777e-03
951.0 9.5055206e-01 4.8748130e-03
952.0 9.5259969e-01 4.8800607e-03
953.0 9.3511089e-01 4.8350566e-03
954.0 9.3482608e-01 4.8343203e-03
955.0 9.2264228e-01 4.8027135e-03
956.0 9.2672711e-01 4.8133334e-03
957.0 9.2696075e-01 4.8139401e-03
958.0 9.2885752e-01 4.8188628e-03
959.0 9.2859491e-01 4.8181815e-03
960.0 9.2222775e-01 4.8016345e-03
961.0 9.2132702e-01 4.7992891e-03
962.0 9.3019827e-01 4.8223394e-03
963.0 9.4284700e-01 4.8550155e-03
964.0 9.4433948e-01 4.8588566e-03
965.0 9.5255975e-01 4.8799584e-03
966.0 9.5245185e-01 4.8796820e-03
967.0 9.5974890e-01 4.8983388e-03
968.0 9.5802455e-01 4.8939365e-03
969.0 9.6471576e-01 4.9109973e-03
970.0 9.7594796e-01 4.9395040e-03
971.0 9.9143031e-01 4.9785297e-03
972.0 9.8626338e-01 4.9655397e-03
973.0 9.9259953e-01 4.9814645e-03
974.0 9.9246996e-01 4.9811394e-03
975.0 9.8153932e-01 4.9536333e-03
976.0 9.7420900e-01 4.9351013e-03
977.0 9.6128674e-01 4.9022616e-03
978.0 9.6207638e-01 4.9042747e-03
979.0 9.5611399e-01 4.8890541e-03
980.0 9.5318881e-01 4.8815695e-03
981.0 9.6278981e-01 4.9060927e-03
982.0 9.6423598e-01 4.9097759e-03
983.0 9.6918374e-01 4.9223565e-03
984.0 9.6621316e-01 4.9148071e-03
985.0 9.7181842e-01 4.9290426e-03
986.0 9.7655058e-01 4.9410287e-03
987.0 9.7361241e-01 4.9335900e-03
988.0 9.6889690e-01 4.9216281e-03
989.0 9.5915414e-01 4.8968208e-03
990.0 9.6599311e-01 4.9142474e-03
991.0 9.6539934e-01 4.9127369e-03
992.0 9.6001749e-01 4.8990241e-03
993.0 9.6559067e-01 4.9132237e-03
994.0 9.4980625e-01 4.8729002e-03
995.0 9.6113314e-01 4.9018699e-03
996.0 9.5477462e-01 4.8856285e-03
997.0 9.5030926e-01 4.8741904e-03
998.0 9.6202858e-01 4.9041528e-03
999.0 9.6234993e-01 4.9049718e-03
1000.0 9.6642917e-01 4.9153565e-03
