1.0 9.2716363e-01 5.1714583e-03
2.0 9.2559391e-01 5.1670787e-03
3.0 9.2769701e-01 5.1729456e-03
4.0 9.2758782e-01 5.1726411e-03
5.0 9.3218065e-01 5.1854312e-03
6.0 9.3929682e-01 5.2051860e-03
7.0 9.4174627e-01 5.2119685e-03
8.0 9.3034996e-01 5.1803369e-03
9.0 9.3107803e-01 5.1823635e-03
10.0 9.2864735e-01 5.1755945e-03
11.0 9.3774800e-01 5.2008928e-03
12.0 9.3413298e-01 5.1908584e-03
13.0 9.2587403e-01 5.1678605e-03
14.0 9.3198215e-01 5.1848790e-03
15.0 9.2403012e-01 5.1627120e-03
16.0 9.3368748e-01 5.1896205e-03
17.0 9.4074197e-01 5.2091887e-03
18.0 9.3504015e-01 5.1933783e-03
19.0 9.2948201e-01 5.1779199e-03
20.0 9.2469264e-01 5.1645624e-03
21.0 9.1768491e-01 5.1449555e-03
22.0 9.1683013e-01 5.1425588e-03
23.0 9.1638212e-01 5.1413022e-03
24.0 9.2143069e-01 5.1554451e-03
25.0 9.1744380e-01 5.1442796e-03
26.0 9.3018109e-01 5.1798667e-03
27.0 9.3036353e-01 5.1803747e-03
28.0 9.3077807e-01 5.1815286e-03
29.0 9.3094506e-01 5.1819934e-03
30.0 9.3207794e-01 5.1851455e-03
31.0 9.3151146e-01 5.1835696e-03
32.0 9.3810532e-01 5.2018836e-03
33.0 9.3563066e-01 5.1950180e-03
34.0 9.4441875e-01 5.2193586e-03
35.0 9.4578622e-01 5.2231359e-03
36.0 9.4250098e-01 5.2140566e-03
37.0 9.4179524e-01 5.2121041e-03
38.0 9.4756173e-01 5.2280362e-03
39.0 9.4929253e-01 5.2328088e-03
40.0 9.5929712e-01 5.2603108e-03
41.0 9.6334175e-01 5.2713885e-03
42.0 9.6049514e-01 5.2635944e-03
43.0 9.5480436e-01 5.2479783e-03
44.0 9.5331883e-01 5.2438942e-03
45.0 9.4909457e-01 5.2322631e-03
46.0 9.4582144e-01 5.2232331e-03
47.0 9.3968188e-01 5.2062529e-03
48.0 9.4463582e-01 5.2199583e-03
49.0 9.4103489e-01 5.2099997e-03
50.0 9.4748155e-01 5.2278150e-03
51.0 9.3815695e-01 5.2020268e-03
52.0 9.5169254e-01 5.2394194e-03
53.0 9.4838044e-01 5.2302943e-03
54.0 9.4225628e-01 5.2133797e-03
55.0 9.3905527e-01 5.2045167e-03
56.0 9.3937545e-01 5.2054039e-03
57.0 9.2550761e-01 5.1668378e-03
58.0 9.2531980e-01 5.1663135e-03
59.0 9.2816812e-01 5.1742589e-03
60.0 9.2864132e-01 5.1755777e-03
61.0 9.2358316e-01 5.1614632e-03
62.0 9.2376254e-01 5.1619644e-03
63.0 9.3007677e-01 5.1795762e-03
64.0 9.3665231e-01 5.1978535e-03
65.0 9.3354733e-01 5.1892310e-03
66.0 9.3264208e-01 5.1867144e-03
67.0 9.3026409e-01 5.1800978e-03
68.0 9.3110998e-01 5.1824524e-03
69.0 9.3020876e-01 5.1799438e-03
70.0 9.2915930e-01 5.1770209e-03
71.0 9.2251583e-01 5.1584799e-03
72.0 9.1830376e-01 5.1466900e-03
73.0 9.2611060e-01 5.1685207e-03
74.0 9.2972154e-01 5.1785870e-03
75.0 9.2830166e-01 5.1746311e-03
76.0 9.2769157e-01 5.1729304e-03
77.0 9.3037156e-01 5.1803970e-03
78.0 9.2802415e-01 5.1738576e-03
79.0 9.3084333e-01 5.1817103e-03
80.0 9.3031091e-01 5.1802282e-03
81.0 9.2586671e-01 5.1678401e-03
82.0 9.3054537e-01 5.1808809e-03
83.0 9.3236295e-01 5.1859382e-03
84.0 9.3650925e-01 5.1974565e-03
85.0 9.4148515e-01 5.2112459e-03
86.0 9.4643568e-01 5.2249289e-03
87.0 9.4966216e-01 5.2338274e-03
88.0 9.4792746e-01 5.2290451e-03
89.0 9.4791270e-01 5.2290044e-03
90.0 9.4611812e-01 5.2240523e-03
91.0 9.4437552e-01 5.2192391e-03
92.0 9.4091875e-01 5.2096781e-03
93.0 9.3443584e-01 5.1916999e-03
94.0 9.4250938e-01 5.2140798e-03
95.0 9.4116278e-01 5.2103537e-03
96.0 9.3995542e-01 5.2070106e-03
97.0 9.3878262e-01 5.2037611e-03
98.0 9.3656589e-01 5.1976137e-03
99.0 9.3474090e-01 5.1925472e-03
100.0 9.3104281e-01 5.1822655e-03
101.0 9.3258934e-01 5.1865678e-03
102.0 9.3522792e-01 5.1938998e-03
103.0 9.3221616e-01 5.1855299e-03
104.0 9.3389867e-01 5.1902074e-03
105.0 9.4015881e-01 5.2075739e-03
106.0 9.3955868e-01 5.2059116e-03
107.0 9.4114076e-01 5.2102927e-03
108.0 9.4498437e-01 5.2209213e-03
109.0 9.4101949e-01 5.2099570e-03
110.0 9.4153482e-01 5.2113834e-03
111.0 9.3577758e-01 5.1954258e-03
112.0 9.4734799e-01 5.2274465e-03
113.0 9.4475635e-01 5.2202913e-03
114.0 9.3277634e-01 5.1870877e-03
115.0 9.3684227e-01 5.1983806e-03
116.0 9.3620306e-01 5.1966068e-03
117.0 9.4103658e-01 5.2100043e-03
118.0 9.5021900e-01 5.2353616e-03
119.0 9.4271915e-01 5.2146600e-03
120.0 9.4532390e-01 5.2218591e-03
121.0 9.4417681e-01 5.2186900e-03
122.0 9.4224693e-01 5.2133538e-03
123.0 9.4905948e-01 5.2321664e-03
124.0 9.5071209e-01 5.2367198e-03
125.0 9.4301321e-01 5.2154732e-03
126.0 9.4763584e-01 5.2282407e-03
127.0 9.5107234e-01 5.2377119e-03
128.0 9.3986644e-01 5.2067641e-03
129.0 9.2981695e-01 5.1788527e-03
130.0 9.2440343e-01 5.1637547e-03
131.0 9.1751667e-01 5.1444839e-03
132.0 9.3348098e-01 5.1890466e-03
133.0 9.2527115e-01 5.1661777e-03
134.0 9.2205059e-01 5.1571790e-03
135.0 9.2010351e-01 5.1517310e-03
136.0 9.1515806e-01 5.1378673e-03
137.0 9.1195395e-01 5.1288652e-03
138.0 9.1763891e-01 5.1448266e-03
139.0 9.1126487e-01 5.1269271e-03
140.0 9.2189729e-01 5.1567503e-03
141.0 9.3381758e-01 5.1899820e-03
142.0 9.3998066e-01 5.2070805e-03
143.0 9.4296602e-01 5.2153427e-03
144.0 9.4867691e-01 5.2311117e-03
145.0 9.5681666e-01 5.2535056e-03
146.0 9.4602928e-01 5.2238070e-03
147.0 9.5194050e-01 5.2401019e-03
148.0 9.5444022e-01 5.2469775e-03
149.0 9.6225284e-01 5.2684084e-03
150.0 9.5601774e-01 5.2513118e-03
151.0 9.5150438e-01 5.2389014e-03
152.0 9.5039912e-01 5.2358578e-03
153.0 9.4683694e-01 5.2260364e-03
154.0 9.4535398e-01 5.2219422e-03
155.0 9.4348034e-01 5.2167648e-03
156.0 9.4909764e-01 5.2322716e-03
157.0 9.3868441e-01 5.2034889e-03
158.0 9.4100507e-01 5.2099171e-03
159.0 9.4636368e-01 5.2247302e-03
160.0 9.4446469e-01 5.2194855e-03
161.0 9.5250975e-01 5.2416684e-03
162.0 9.5141999e-01 5.2386691e-03
163.0 9.6204078e-01 5.2678278e-03
164.0 9.6222166e-01 5.2683230e-03
165.0 9.5402366e-01 5.2458323e-03
166.0 9.5174392e-01 5.2395608e-03
167.0 9.5047853e-01 5.2360765e-03
168.0 9.5460592e-01 5.2474329e-03
169.0 9.5841887e-01 5.2579023e-03
170.0 9.5951523e-01 5.2609087e-03
171.0 9.5701928e-01 5.2540618e-03
172.0 9.5357517e-01 5.2445991e-03
173.0 9.4969441e-01 5.2339163e-03
174.0 9.4655392e-01 5.2252553e-03
175.0 9.4682738e-01 5.2260100e-03
176.0 9.4924837e-01 5.2326871e-03
177.0 9.5713976e-01 5.2543925e-03
178.0 9.5835328e-01 5.2577224e-03
179.0 9.6391384e-01 5.2729535e-03
180.0 9.6056020e-01 5.2637727e-03
181.0 9.6045424e-01 5.2634823e-03
182.0 9.4647707e-01 5.2250431e-03
183.0 9.4530561e-01 5.2218086e-03
184.0 9.4029420e-01 5.2079488e-03
185.0 9.4661694e-01 5.2254292e-03
186.0 9.4462753e-01 5.2199354e-03
187.0 9.3625843e-01 5.1967605e-03
188.0 9.3473407e-01 5.1925282e-03
189.0 9.3210389e-01 5.1852177e-03
190.0 9.2874286e-01 5.1758607e-03
191.0 9.3343729e-01 5.1889251e-03
192.0 9.3558384e-01 5.1948880e-03
193.0 9.3272447e-01 5.1869435e-03
194.0 9.4239619e-01 5.2137667e-03
195.0 9.4636043e-01 5.2247212e-03
196.0 9.4619124e-01 5.2242541e-03
197.0 9.4781948e-01 5.2287472e-03
198.0 9.5642110e-01 5.2524195e-03
199.0 9.5739966e-01 5.2551058e-03
200.0 9.5323538e-01 5.2436646e-03
201.0 9.5521987e-01 5.2491201e-03
202.0 9.5769970e-01 5.2559292e-03
203.0 9.5816134e-01 5.2571958e-03
204.0 9.5243404e-01 5.2414601e-03
205.0 9.4638605e-01 5.2247919e-03
206.0 9.5604889e-01 5.2513974e-03
207.0 9.4504237e-01 5.2210815e-03
208.0 9.4434707e-01 5.2191605e-03
209.0 9.4428721e-01 5.2189951e-03
210.0 9.4528841e-01 5.2217611e-03
211.0 9.4848782e-01 5.2305904e-03
212.0 9.3616622e-01 5.1965046e-03
213.0 9.3373291e-01 5.1897467e-03
214.0 9.3979088e-01 5.2065548e-03
215.0 9.3512474e-01 5.1936132e-03
216.0 9.3282721e-01 5.1872292e-03
217.0 9.3121045e-01 5.1827320e-03
218.0 9.3480194e-01 5.1927168e-03
219.0 9.2830584e-01 5.1746428e-03
220.0 9.2089412e-01 5.1539439e-03
221.0 9.1798018e-01 5.1457832e-03
222.0 9.1543607e-01 5.1386477e-03
223.0 9.1489840e-01 5.1371384e-03
224.0 9.2265693e-01 5.1588744e-03
225.0 9.2136624e-01 5.1552648e-03
226.0 9.1105438e-01 5.1263350e-03
227.0 9.0048581e-01 5.0965145e-03
228.0 9.0344792e-01 5.1048901e-03
229.0 9.0785545e-01 5.1173272e-03
230.0 9.0759826e-01 5.1166023e-03
231.0 9.0975618e-01 5.1226813e-03
232.0 9.1503527e-01 5.1375226e-03
233.0 9.1419088e-01 5.1351517e-03
234.0 9.1765145e-01 5.1448618e-03
235.0 9.1612682e-01 5.1405860e-03
236.0 9.2707702e-01 5.1712167e-03
237.0 9.1874352e-01 5.1479222e-03
238.0 9.1288075e-01 5.1314707e-03
239.0 9.0594412e-01 5.1119375e-03
240.0 9.0096277e-01 5.0978641e-03
241.0 8.9939722e-01 5.0934331e-03
242.0 9.0249208e-01 5.1021889e-03
243.0 9.1102539e-01 5.1262534e-03
244.0 9.0716479e-01 5.1153803e-03
245.0 9.0823466e-01 5.1183958e-03
246.0 9.0222666e-01 5.1014386e-03
247.0 8.9683967e-01 5.0861860e-03
248.0 8.9715965e-01 5.0870932e-03
249.0 9.0096358e-01 5.0978664e-03
250.0 9.0419401e-01 5.1069975e-03
251.0 9.0523045e-01 5.1099236e-03
252.0 9.1437179e-01 5.1356597e-03
253.0 9.1298823e-01 5.1317728e-03
254.0 9.1800130e-01 5.1458424e-03
255.0 9.2483915e-01 5.1649716e-03
256.0 9.2849476e-01 5.1751693e-03
257.0 9.3186919e-01 5.1845648e-03
258.0 9.2553148e-01 5.1669044e-03
259.0 9.1005876e-01 5.1235331e-03
260.0 9.1052130e-01 5.1248350e-03
261.0 9.0810384e-01 5.1180272e-03
262.0 9.0893932e-01 5.1203810e-03
263.0 9.1331461e-01 5.1326900e-03
264.0 9.1937358e-01 5.1496871e-03
265.0 9.2327971e-01 5.1606152e-03
266.0 9.2572358e-01 5.1674406e-03
267.0 9.1999402e-01 5.1514244e-03
268.0 9.2660382e-01 5.1698968e-03
269.0 9.2248643e-01 5.1583977e-03
270.0 9.2049922e-01 5.1528386e-03
271.0 9.2712674e-01 5.1713554e-03
272.0 9.2460148e-01 5.1643079e-03
273.0 9.1867763e-01 5.1477376e-03
274.0 9.1276857e-01 5.1311554e-03
275.0 9.1839957e-01 5.1469585e-03
276.0 9.1696812e-01 5.1429458e-03
277.0 9.2182824e-01 5.1565571e-03
278.0 9.1811612e-01 5.1461642e-03
279.0 9.2497700e-01 5.1653565e-03
280.0 9.3059193e-01 5.1810105e-03
281.0 9.2939315e-01 5.1776724e-03
282.0 9.4123162e-01 5.2105442e-03
283.0 9.3853964e-01 5.2030876e-03
284.0 9.3569347e-01 5.1951923e-03
285.0 9.2386581e-01 5.1622529e-03
286.0 9.2458630e-01 5.1642655e-03
287.0 9.2156053e-01 5.1558083e-03
288.0 9.1306627e-01 5.1319921e-03
289.0 9.1266592e-01 5.1308669e-03
290.0 9.1217267e-01 5.1294802e-03
291.0 9.0798783e-01 5.1177003e-03
292.0 9.0342177e-01 5.1048162e-03
293.0 8.9603344e-01 5.0838993e-03
294.0 8.9613820e-01 5.0841965e-03
295.0 9.0139886e-01 5.0990977e-03
296.0 9.0273915e-01 5.1028872e-03
297.0 9.0796965e-01 5.1176490e-03
298.0 9.1109368e-01 5.1264456e-03
299.0 9.1911639e-01 5.1489667e-03
300.0 9.2725573e-01 5.1717151e-03
301.0 9.2667425e-01 5.1700933e-03
302.0 9.2819302e-01 5.1743283e-03
303.0 9.3056134e-01 5.1809253e-03
304.0 9.2460834e-01 5.1643270e-03
305.0 9.1724135e-01 5.1437120e-03
306.0 9.1628915e-01 5.1410414e-03
307.0 9.1920328e-01 5.1492101e-03
308.0 9.2308440e-01 5.1600693e-03
309.0 9.3127619e-01 5.1829149e-03
310.0 9.4256514e-01 5.2142340e-03
311.0 9.3691472e-01 5.1985816e-03
312.0 9.2924260e-01 5.1772530e-03
313.0 9.3114052e-01 5.1825374e-03
314.0 9.2965285e-01 5.1783957e-03
315.0 9.3129699e-01 5.1829728e-03
316.0 9.3173860e-01 5.1842015e-03
317.0 9.3796403e-01 5.2014919e-03
318.0 9.4256584e-01 5.2142359e-03
319.0 9.4344610e-01 5.2166702e-03
320.0 9.4127644e-01 5.2106683e-03
321.0 9.3862082e-01 5.2033127e-03
322.0 9.4173723e-01 5.2119435e-03
323.0 9.3968984e-01 5.2062749e-03
324.0 9.3674965e-01 5.1981236e-03
325.0 9.3525832e-01 5.1939842e-03
326.0 9.3547824e-01 5.1945948e-03
327.0 9.3926888e-01 5.2051086e-03
328.0 9.4938198e-01 5.2330553e-03
329.0 9.4641188e-01 5.2248632e-03
330.0 9.4238498e-01 5.2137357e-03
331.0 9.4481556e-01 5.2204549e-03
332.0 9.4153162e-01 5.2113745e-03
333.0 9.3288467e-01 5.1873889e-03
334.0 9.3609541e-01 5.1963081e-03
335.0 9.3115126e-01 5.1825673e-03
336.0 9.3765549e-01 5.2006363e-03
337.0 9.3671019e-01 5.1980141e-03
338.0 9.3039389e-01 5.1804592e-03
339.0 9.2511023e-01 5.1657285e-03
340.0 9.2206553e-01 5.1572208e-03
341.0 9.1747566e-01 5.1443689e-03
342.0 9.1888262e-01 5.1483119e-03
343.0 9.1870094e-01 5.1478029e-03
344.0 9.1802566e-01 5.1459107e-03
345.0 9.1517113e-01 5.1379040e-03
346.0 9.1009386e-01 5.1236319e-03
347.0 9.1285635e-01 5.1314022e-03
348.0 9.0345170e-01 5.1049007e-03
349.0 9.1413199e-01 5.1349863e-03
350.0 9.1493972e-01 5.1372544e-03
351.0 9.1501199e-01 5.1374573e-03
352.0 9.0907995e-01 5.1207771e-03
353.0 9.0629257e-01 5.1129205e-03
354.0 8.9645580e-01 5.0850974e-03
355.0 8.9492653e-01 5.0807582e-03
356.0 8.9725950e-01 5.0873763e-03
357.0 8.8998703e-01 5.0667173e-03
358.0 9.0025434e-01 5.0958595e-03
359.0 9.0544218e-01 5.1105212e-03
360.0 9.0342188e-01 5.1048165e-03
361.0 9.0307214e-01 5.1038283e-03
362.0 9.0003123e-01 5.0952280e-03
363.0 8.9771562e-01 5.0886692e-03
364.0 9.0156137e-01 5.0995573e-03
365.0 9.0652524e-01 5.1135768e-03
366.0 9.1098524e-01 5.1261405e-03
367.0 9.0443398e-01 5.1076751e-03
368.0 9.0102806e-01 5.0980488e-03
369.0 9.0236560e-01 5.1018314e-03
370.0 9.1057634e-01 5.1249899e-03
371.0 9.0738735e-01 5.1160077e-03
372.0 9.0701519e-01 5.1149585e-03
373.0 9.0603958e-01 5.1122068e-03
374.0 9.0459281e-01 5.1081236e-03
375.0 9.1283439e-01 5.1313404e-03
376.0 9.1522757e-01 5.1380625e-03
377.0 9.2809128e-01 5.1740447e-03
378.0 9.3192267e-01 5.1847136e-03
379.0 9.3800429e-01 5.2016035e-03
380.0 9.3152891e-01 5.1836182e-03
381.0 9.2942572e-01 5.1777631e-03
382.0 9.3738250e-01 5.1998792e-03
383.0 9.3802807e-01 5.2016694e-03
384.0 9.3985699e-01 5.2067379e-03
385.0 9.5012387e-01 5.2350996e-03
386.0 9.5061011e-01 5.2364390e-03
387.0 9.5024114e-01 5.2354226e-03
388.0 9.4853050e-01 5.2307081e-03
389.0 9.5225943e-01 5.2409796e-03
390.0 9.4902776e-01 5.2320790e-03
391.0 9.4112451e-01 5.2102477e-03
392.0 9.4612876e-01 5.2240816e-03
393.0 9.4709881e-01 5.2267590e-03
394.0 9.4735205e-01 5.2274578e-03
395.0 9.5124998e-01 5.2382010e-03
396.0 9.5077751e-01 5.2369000e-03
397.0 9.5705006e-01 5.2541463e-03
398.0 9.5423036e-01 5.2464006e-03
399.0 9.4736097e-01 5.2274824e-03
400.0 9.5179454e-01 5.2397002e-03
401.0 9.5521511e-01 5.2491070e-03
402.0 9.5771348e-01 5.2559670e-03
403.0 9.5144867e-01 5.2387481e-03
404.0 9.5410712e-01 5.2460618e-03
405.0 9.4934952e-01 5.2329658e-03
406.0 9.4542525e-01 5.2221390e-03
407.0 9.4908004e-01 5.2322231e-03
408.0 9.4395322e-01 5.2180720e-03
409.0 9.4765518e-01 5.2282940e-03
410.0 9.4112526e-01 5.2102498e-03
411.0 9.3811429e-01 5.2019085e-03
412.0 9.3433287e-01 5.1914138e-03
413.0 9.3668950e-01 5.1979567e-03
414.0 9.2868686e-01 5.1757046e-03
415.0 9.2104395e-01 5.1543631e-03
416.0 9.1662568e-01 5.1419854e-03
417.0 9.1312215e-01 5.1321492e-03
418.0 9.1617819e-01 5.1407301e-03
419.0 9.2474844e-01 5.1647183e-03
420.0 9.2151537e-01 5.1556820e-03
421.0 9.2394577e-01 5.1624763e-03
422.0 9.1867800e-01 5.1477387e-03
423.0 9.1836155e-01 5.1468520e-03
424.0 9.1691071e-01 5.1427848e-03
425.0 9.1215138e-01 5.1294204e-03
426.0 9.2221778e-01 5.1576466e-03
427.0 9.2701424e-01 5.1710416e-03
428.0 9.2327464e-01 5.1606010e-03
429.0 9.2423301e-01 5.1632787e-03
430.0 9.3187967e-01 5.1845940e-03
431.0 9.2737030e-01 5.1720346e-03
432.0 9.3123637e-01 5.1828041e-03
433.0 9.3099850e-01 5.1821421e-03
434.0 9.3507676e-01 5.1934800e-03
435.0 9.2754829e-01 5.1725309e-03
436.0 9.2643852e-01 5.1694357e-03
437.0 9.2361789e-01 5.1615603e-03
438.0 9.2128648e-01 5.1550417e-03
439.0 9.1940286e-01 5.1497691e-03
440.0 9.3148852e-01 5.1835058e-03
441.0 9.3579309e-01 5.1954689e-03
442.0 9.4578654e-01 5.2231368e-03
443.0 9.4326330e-01 5.2161648e-03
444.0 9.3573545e-01 5.1953089e-03
445.0 9.2668375e-01 5.1701198e-03
446.0 9.2441091e-01 5.1637756e-03
447.0 9.2245022e-01 5.1582965e-03
448.0 9.3106021e-01 5.1823139e-03
449.0 9.3226302e-01 5.1856603e-03
450.0 9.3894859e-01 5.2042211e-03
451.0 9.3816321e-01 5.2020441e-03
452.0 9.3413416e-01 5.1908617e-03
453.0 9.4095914e-01 5.2097899e-03
454.0 9.3121328e-01 5.1827399e-03
455.0 9.3781726e-01 5.2010849e-03
456.0 9.3562934e-01 5.1950143e-03
457.0 9.4608186e-01 5.2239522e-03
458.0 9.4326338e-01 5.2161650e-03
459.0 9.4224379e-01 5.2133451e-03
460.0 9.3598452e-01 5.1960003e-03
461.0 9.2546161e-01 5.1667094e-03
462.0 9.1869286e-01 5.1477803e-03
463.0 9.2323570e-01 5.1604922e-03
464.0 9.2030867e-01 5.1523053e-03
465.0 9.3089832e-01 5.1818633e-03
466.0 9.2933446e-01 5.1775089e-03
467.0 9.3211676e-01 5.1852535e-03
468.0 9.2083582e-01 5.1537807e-03
469.0 9.2151583e-01 5.1556833e-03
470.0 9.1449996e-01 5.1360197e-03
471.0 9.2247338e-01 5.1583613e-03
472.0 9.2851179e-01 5.1752167e-03
473.0 9.3744036e-01 5.2000397e-03
474.0 9.4053685e-01 5.2086208e-03
475.0 9.4681374e-01 5.2259723e-03
476.0 9.3313145e-01 5.1880750e-03
477.0 9.2186407e-01 5.1566574e-03
478.0 9.2583727e-01 5.1677579e-03
479.0 9.2819707e-01 5.1743396e-03
480.0 9.2256078e-01 5.1586056e-03
481.0 9.2723128e-01 5.1716469e-03
482.0 9.2868613e-01 5.1757026e-03
483.0 9.2721706e-01 5.1716073e-03
484.0 9.2517010e-01 5.1658956e-03
485.0 9.2067169e-01 5.1533214e-03
486.0 9.1846468e-01 5.1471410e-03
487.0 9.1535584e-01 5.1384225e-03
488.0 9.0934935e-01 5.1215358e-03
489.0 9.1696833e-01 5.1429464e-03
490.0 9.0741309e-01 5.1160803e-03
491.0 9.0903830e-01 5.1206598e-03
492.0 9.0019242e-01 5.0956842e-03
493.0 8.9433123e-01 5.0790680e-03
494.0 8.9161083e-01 5.0713373e-03
495.0 8.9396880e-01 5.0780388e-03
496.0 8.9963173e-01 5.0940971e-03
497.0 8.9774044e-01 5.0887396e-03
498.0 9.0309905e-01 5.1039043e-03
499.0 9.1068941e-01 5.1253081e-03
500.0 9.0974816e-01 5.1226587e-03
501.0 9.1649305e-01 5.1416134e-03
502.0 9.1527394e-01 5.1381926e-03
503.0 9.1796466e-01 5.1457397e-03
504.0 9.2599289e-01 5.1681922e-03
505.0 9.2635518e-01 5.1692031e-03
506.0 9.1844100e-01 5.1470746e-03
507.0 9.2152536e-01 5.1557099e-03
508.0 9.2764724e-01 5.1728068e-03
509.0 9.2619432e-01 5.1687543e-03
510.0 9.1531070e-01 5.1382958e-03
511.0 9.1893145e-01 5.1484487e-03
512.0 9.1469004e-01 5.1365534e-03
513.0 9.1751394e-01 5.1444763e-03
514.0 9.1347847e-01 5.1331504e-03
515.0 9.2167539e-01 5.1561296e-03
516.0 9.1040055e-01 5.1244952e-03
517.0 9.1225267e-01 5.1297052e-03
518.0 9.1083925e-01 5.1257297e-03
519.0 9.1266934e-01 5.1308765e-03
520.0 9.1512419e-01 5.1377723e-03
521.0 9.2039004e-01 5.1525331e-03
522.0 9.1870754e-01 5.1478214e-03
523.0 9.1727036e-01 5.1437933e-03
524.0 9.1522246e-01 5.1380481e-03
525.0 9.0648122e-01 5.1134526e-03
526.0 9.0658608e-01 5.1137484e-03
527.0 8.9813869e-01 5.0898682e-03
528.0 9.0558069e-01 5.1109121e-03
529.0 9.1494031e-01 5.1372561e-03
530.0 9.1182290e-01 5.1284967e-03
531.0 9.1344313e-01 5.1330511e-03
532.0 9.2692355e-01 5.1707887e-03
533.0 9.2901939e-01 5.1766311e-03
534.0 9.3229065e-01 5.1857371e-03
535.0 9.3255503e-01 5.1864724e-03
536.0 9.2599119e-01 5.1681875e-03
537.0 9.2262160e-01 5.1587756e-03
538.0 9.3458739e-01 5.1921208e-03
539.0 9.2900491e-01 5.1765908e-03
540.0 9.3301537e-01 5.1877523e-03
541.0 9.3771216e-01 5.2007934e-03
542.0 9.2474985e-01 5.1647222e-03
543.0 9.2710937e-01 5.1713070e-03
544.0 9.2285190e-01 5.1594195e-03
545.0 9.3041138e-01 5.1805079e-03
546.0 9.2895433e-01 5.1764499e-03
547.0 9.2884736e-01 5.1761518e-03
548.0 9.2095342e-01 5.1541098e-03
549.0 9.2131036e-01 5.1551085e-03
550.0 9.2099166e-01 5.1542168e-03
551.0 9.1756512e-01 5.1446197e-03
552.0 9.2411340e-01 5.1629446e-03
553.0 9.2199238e-01 5.1570162e-03
554.0 9.2400087e-01 5.1626302e-03
555.0 9.1564174e-01 5.1392249e-03
556.0 9.1487768e-01 5.1370802e-03
557.0 9.1310524e-01 5.1321016e-03
558.0 9.1500330e-01 5.1374329e-03
559.0 9.2030016e-01 5.1522815e-03
560.0 9.2515555e-01 5.1658550e-03
561.0 9.2509118e-01 5.1656753e-03
562.0 9.2168675e-01 5.1561614e-03
563.0 9.2018479e-01 5.1519585e-03
564.0 9.3242243e-01 5.1861036e-03
565.0 9.2570461e-01 5.1673877e-03
566.0 9.2321663e-01 5.1604389e-03
567.0 9.3083274e-01 5.1816808e-03
568.0 9.3677733e-01 5.1982004e-03
569.0 9.3665811e-01 5.1978696e-03
570.0 9.2837403e-01 5.1748328e-03
571.0 9.3318980e-01 5.1882372e-03
572.0 9.3413430e-01 5.1908621e-03
573.0 9.3784554e-01 5.2011633e-03
574.0 9.3952987e-01 5.2058318e-03
575.0 9.4189106e-01 5.2123692e-03
576.0 9.3518885e-01 5.1937913e-03
577.0 9.4055235e-01 5.2086637e-03
578.0 9.3509360e-01 5.1935268e-03
579.0 9.3648793e-01 5.1973974e-03
580.0 9.3806147e-01 5.2017620e-03
581.0 9.4933679e-01 5.2329307e-03
582.0 9.4521855e-01 5.2215681e-03
583.0 9.3385875e-01 5.1900965e-03
584.0 9.3195746e-01 5.1848104e-03
585.0 9.2179519e-01 5.1564647e-03
586.0 9.2058279e-01 5.1530726e-03
587.0 9.0627226e-01 5.1128632e-03
588.0 9.0694960e-01 5.1147735e-03
589.0 9.1087278e-01 5.1258240e-03
590.0 9.1794988e-01 5.1456983e-03
591.0 9.1153891e-01 5.1276980e-03
592.0 9.0339069e-01 5.1047284e-03
593.0 8.9433320e-01 5.0790736e-03
594.0 8.9435584e-01 5.0791379e-03
595.0 8.9197288e-01 5.0723669e-03
596.0 8.8410887e-01 5.0499573e-03
597.0 8.9804231e-01 5.0895951e-03
598.0 8.9405600e-01 5.0782864e-03
599.0 8.9325968e-01 5.0760244e-03
600.0 8.9106108e-01 5.0697737e-03
601.0 8.9118609e-01 5.0701293e-03
602.0 8.9276980e-01 5.0746323e-03
603.0 8.9848800e-01 5.0908579e-03
604.0 9.0303881e-01 5.1037341e-03
605.0 8.9730969e-01 5.0875186e-03
606.0 9.0354564e-01 5.1051661e-03
607.0 8.9747835e-01 5.0879967e-03
608.0 8.8537900e-01 5.0535834e-03
609.0 8.8983041e-01 5.0662714e-03
610.0 8.9406810e-01 5.0783208e-03
611.0 9.0020289e-01 5.0957138e-03
612.0 9.1069231e-01 5.1253162e-03
613.0 9.0585631e-01 5.1116898e-03
614.0 8.9882697e-01 5.0918181e-03
615.0 9.0371568e-01 5.1056465e-03
616.0 8.9788480e-01 5.0891487e-03
617.0 9.0593498e-01 5.1119117e-03
618.0 9.0448118e-01 5.1078084e-03
619.0 9.0884282e-01 5.1201092e-03
620.0 9.1272300e-01 5.1310273e-03
621.0 9.1227460e-01 5.1297668e-03
622.0 9.0473411e-01 5.1085225e-03
623.0 9.1504604e-01 5.1375529e-03
624.0 9.1809898e-01 5.1461161e-03
625.0 9.2369156e-01 5.1617661e-03
626.0 9.2111711e-01 5.1545678e-03
627.0 9.1738284e-01 5.1441087e-03
628.0 9.1983997e-01 5.1509931e-03
629.0 9.3041746e-01 5.1805248e-03
630.0 9.3149702e-01 5.1835294e-03
631.0 9.3540023e-01 5.1943782e-03
632.0 9.3672734e-01 5.1980617e-03
633.0 9.3841680e-01 5.2027471e-03
634.0 9.3988319e-01 5.2068105e-03
635.0 9.3728769e-01 5.1996162e-03
636.0 9.2574170e-01 5.1674912e-03
637.0 9.2955578e-01 5.1781254e-03
638.0 9.2628396e-01 5.1690044e-03
639.0 9.2222211e-01 5.1576587e-03
640.0 9.1974794e-01 5.1507355e-03
641.0 9.2099843e-01 5.1542357e-03
642.0 9.1432246e-01 5.1355212e-03
643.0 9.1058290e-01 5.1250083e-03
644.0 9.1076516e-01 5.1255212e-03
645.0 9.0592023e-01 5.1118701e-03
646.0 9.1135679e-01 5.1271857e-03
647.0 9.0973458e-01 5.1226205e-03
648.0 9.0373572e-01 5.1057031e-03
649.0 9.0512017e-01 5.1096123e-03
650.0 9.0640044e-01 5.1132248e-03
651.0 9.0252072e-01 5.1022698e-03
652.0 9.0121828e-01 5.0985869e-03
653.0 9.1025847e-01 5.1240953e-03
654.0 9.1894701e-01 5.1484923e-03
655.0 9.2012373e-01 5.1517876e-03
656.0 9.2635712e-01 5.1692086e-03
657.0 9.3499511e-01 5.1932533e-03
658.0 9.2020994e-01 5.1520289e-03
659.0 9.2527545e-01 5.1661897e-03
660.0 9.2619505e-01 5.1687563e-03
661.0 9.3000256e-01 5.1793696e-03
662.0 9.2282941e-01 5.1593566e-03
663.0 9.1354214e-01 5.1333293e-03
664.0 9.1170067e-01 5.1281529e-03
665.0 9.1317023e-01 5.1322843e-03
666.0 9.1606345e-01 5.1404082e-03
667.0 9.1097371e-01 5.1261080e-03
668.0 9.1620132e-01 5.1407950e-03
669.0 9.1863311e-01 5.1476129e-03
670.0 9.1187544e-01 5.1286444e-03
671.0 9.1249507e-01 5.1303866e-03
672.0 9.0758551e-01 5.1165663e-03
673.0 9.1119616e-01 5.1267338e-03
674.0 9.0431127e-01 5.1073286e-03
675.0 9.0657737e-01 5.1137238e-03
676.0 9.1164731e-01 5.1280029e-03
677.0 9.1067807e-01 5.1252761e-03
678.0 9.2018412e-01 5.1519566e-03
679.0 9.2220171e-01 5.1576016e-03
680.0 9.2112794e-01 5.1545981e-03
681.0 9.1474267e-01 5.1367012e-03
682.0 9.1680696e-01 5.1424939e-03
683.0 9.1692757e-01 5.1428321e-03
684.0 9.2193171e-01 5.1568466e-03
685.0 9.2612843e-01 5.1685704e-03
686.0 9.2451321e-01 5.1640613e-03
687.0 9.2634552e-01 5.1691762e-03
688.0 9.3029674e-01 5.1801887e-03
689.0 9.3449365e-01 5.1918604e-03
690.0 9.3047541e-01 5.1806861e-03
691.0 9.4009430e-01 5.2073952e-03
692.0 9.3977791e-01 5.2065189e-03
693.0 9.2974852e-01 5.1786621e-03
694.0 9.2490154e-01 5.1651458e-03
695.0 9.2422003e-01 5.1632425e-03
696.0 9.2895604e-01 5.1764546e-03
697.0 9.3595728e-01 5.1959247e-03
698.0 9.3793759e-01 5.2014186e-03
699.0 9.3222019e-01 5.1855412e-03
700.0 9.3222149e-01 5.1855448e-03
701.0 9.3443075e-01 5.1916857e-03
702.0 9.3147884e-01 5.1834788e-03
703.0 9.4284855e-01 5.2150179e-03
704.0 9.4211149e-01 5.2129791e-03
705.0 9.4537379e-01 5.2219969e-03
706.0 9.4218097e-01 5.2131713e-03
707.0 9.4321441e-01 5.2160296e-03
708.0 9.4103701e-01 5.2100055e-03
709.0 9.4090725e-01 5.2096463e-03
710.0 9.4190981e-01 5.2124211e-03
711.0 9.4705117e-01 5.2266276e-03
712.0 9.5446622e-01 5.2470489e-03
713.0 9.6517902e-01 5.2764128e-03
714.0 9.6407589e-01 5.2733967e-03
715.0 9.6432496e-01 5.2740778e-03
716.0 9.6233738e-01 5.2686398e-03
717.0 9.6836513e-01 5.2851145e-03
718.0 9.6641389e-01 5.2797871e-03
719.0 9.6574743e-01 5.2779663e-03
720.0 9.6494473e-01 5.2757724e-03
721.0 9.7902812e-01 5.3141329e-03
722.0 9.7433815e-01 5.3013892e-03
723.0 9.7834354e-01 5.3122747e-03
724.0 9.7378665e-01 5.2998886e-03
725.0 9.6958184e-01 5.2884338e-03
726.0 9.6786409e-01 5.2837471e-03
727.0 9.6009677e-01 5.2625028e-03
728.0 9.5816263e-01 5.2571994e-03
729.0 9.5357878e-01 5.2446091e-03
730.0 9.5013570e-01 5.2351322e-03
731.0 9.4712665e-01 5.2268358e-03
732.0 9.5059463e-01 5.2363963e-03
733.0 9.5255952e-01 5.2418054e-03
734.0 9.4697527e-01 5.2264181e-03
735.0 9.5322006e-01 5.2436225e-03
736.0 9.6087093e-01 5.2646240e-03
737.0 9.5686214e-01 5.2536304e-03
738.0 9.5734193e-01 5.2549474e-03
739.0 9.6712389e-01 5.2817262e-03
740.0 9.6073328e-01 5.2642469e-03
741.0 9.5470461e-01 5.2477041e-03
742.0 9.6149581e-01 5.2663356e-03
743.0 9.6192216e-01 5.2675031e-03
744.0 9.6680892e-01 5.2808661e-03
745.0 9.5431510e-01 5.2466335e-03
746.0 9.5582296e-01 5.2507768e-03
747.0 9.6250949e-01 5.2691109e-03
748.0 9.6177068e-01 5.2670883e-03
749.0 9.4631905e-01 5.2246069e-03
750.0 9.4653667e-01 5.2252076e-03
751.0 9.4228108e-01 5.2134483e-03
752.0 9.3907369e-01 5.2045678e-03
753.0 9.3884931e-01 5.2039460e-03
754.0 9.3975443e-01 5.2064538e-03
755.0 9.3485152e-01 5.1928545e-03
756.0 9.2690696e-01 5.1707424e-03
757.0 9.2684920e-01 5.1705813e-03
758.0 9.2162338e-01 5.1559841e-03
759.0 9.1958864e-01 5.1502894e-03
760.0 9.2588327e-01 5.1678863e-03
761.0 9.3232019e-01 5.1858193e-03
762.0 9.3206233e-01 5.1851021e-03
763.0 9.3150395e-01 5.1835487e-03
764.0 9.3687281e-01 5.1984653e-03
765.0 9.4833533e-01 5.2301699e-03
766.0 9.3769248e-01 5.2007389e-03
767.0 9.4466807e-01 5.2200474e-03
768.0 9.4538283e-01 5.2220219e-03
769.0 9.4419535e-01 5.2187412e-03
770.0 9.4038732e-01 5.2082067e-03
771.0 9.3923648e-01 5.2050189e-03
772.0 9.4140412e-01 5.2110217e-03
773.0 9.3381065e-01 5.1899628e-03
774.0 9.2623265e-01 5.1688613e-03
775.0 9.2690315e-01 5.1707318e-03
776.0 9.2690732e-01 5.1707434e-03
777.0 9.2109323e-01 5.1545010e-03
778.0 9.1994754e-01 5.1512943e-03
779.0 9.3316531e-01 5.1881691e-03
780.0 9.3693102e-01 5.1986268e-03
781.0 9.3538647e-01 5.1943400e-03
782.0 9.3640112e-01 5.1971565e-03
783.0 9.3889691e-01 5.2040779e-03
784.0 9.4509089e-01 5.2212155e-03
785.0 9.3297376e-01 5.1876366e-03
786.0 9.3028782e-01 5.1801639e-03
787.0 9.4078620e-01 5.2093112e-03
788.0 9.4200720e-01 5.2126905e-03
789.0 9.3998192e-01 5.2070840e-03
790.0 9.3776520e-01 5.2009405e-03
791.0 9.4220999e-01 5.2132516e-03
792.0 9.4551056e-01 5.2223746e-03
793.0 9.4900413e-01 5.2320138e-03
794.0 9.4580037e-01 5.2231749e-03
795.0 9.4570818e-01 5.2229204e-03
796.0 9.4512236e-01 5.2213024e-03
797.0 9.4220653e-01 5.2132420e-03
798.0 9.3591546e-01 5.1958086e-03
799.0 9.3643064e-01 5.1972384e-03
800.0 9.3421147e-01 5.1910765e-03
801.0 9.4272699e-01 5.2146817e-03
802.0 9.4925244e-01 5.2326983e-03
803.0 9.4682762e-01 5.2260106e-03
804.0 9.4992405e-01 5.2345490e-03
805.0 9.5512768e-01 5.2488667e-03
806.0 9.4043217e-01 5.2083309e-03
807.0 9.4346679e-01 5.2167274e-03
808.0 9.3298972e-01 5.1876810e-03
809.0 9.3367914e-01 5.1895973e-03
810.0 9.3710044e-01 5.1990968e-03
811.0 9.3308628e-01 5.1879494e-03
812.0 9.4561718e-01 5.2226691e-03
813.0 9.4168559e-01 5.2118006e-03
814.0 9.4849067e-01 5.2305982e-03
815.0 9.5071405e-01 5.2367252e-03
816.0 9.5090381e-01 5.2372478e-03
817.0 9.4480483e-01 5.2204253e-03
818.0 9.5049045e-01 5.2361094e-03
819.0 9.4361256e-01 5.2171304e-03
820.0 9.4926420e-01 5.2327307e-03
821.0 9.4628204e-01 5.2245048e-03
822.0 9.4836427e-01 5.2302497e-03
823.0 9.5365334e-01 5.2448141e-03
824.0 9.4926087e-01 5.2327215e-03
825.0 9.3961750e-01 5.2060745e-03
826.0 9.3299212e-01 5.1876877e-03
827.0 9.3018938e-01 5.1798898e-03
828.0 9.3131954e-01 5.1830356e-03
829.0 9.2788052e-01 5.1734572e-03
830.0 9.2430563e-01 5.1634816e-03
831.0 9.2450281e-01 5.1640323e-03
832.0 9.3128296e-01 5.1829338e-03
833.0 9.3912567e-01 5.2047118e-03
834.0 9.3179462e-01 5.1843574e-03
835.0 9.3116180e-01 5.1825966e-03
836.0 9.3341240e-01 5.1888560e-03
837.0 9.1481984e-01 5.1369178e-03
838.0 9.1334720e-01 5.1327816e-03
839.0 9.1167144e-01 5.1280707e-03
840.0 9.1370578e-01 5.1337890e-03
841.0 9.2106095e-01 5.1544107e-03
842.0 9.1902629e-01 5.1487144e-03
843.0 9.2104099e-01 5.1543548e-03
844.0 9.3030897e-01 5.1802228e-03
845.0 9.2511754e-01 5.1657489e-03
846.0 9.2864924e-01 5.1755998e-03
847.0 9.2539726e-01 5.1665298e-03
848.0 9.2206184e-01 5.1572105e-03
849.0 9.2771497e-01 5.1729957e-03
850.0 9.2879588e-01 5.1760084e-03
851.0 9.2685195e-01 5.1705890e-03
852.0 9.3201038e-01 5.1849576e-03
853.0 9.2787160e-01 5.1734323e-03
854.0 9.3410496e-01 5.1907806e-03
855.0 9.3465978e-01 5.1923219e-03
856.0 9.3355692e-01 5.1892576e-03
857.0 9.2925470e-01 5.1772867e-03
858.0 9.3085339e-01 5.1817383e-03
859.0 9.3242195e-01 5.1861023e-03
860.0 9.4598052e-01 5.2236724e-03
861.0 9.4203145e-01 5.2127576e-03
862.0 9.3999517e-01 5.2071207e-03
863.0 9.3970199e-01 5.2063086e-03
864.0 9.4312751e-01 5.2157893e-03
865.0 9.4657203e-01 5.2253053e-03
866.0 9.3908365e-01 5.2045954e-03
867.0 9.3922347e-01 5.2049828e-03
868.0 9.4968359e-01 5.2338865e-03
869.0 9.5145373e-01 5.2387620e-03
870.0 9.5173403e-01 5.2395336e-03
871.0 9.6162535e-01 5.2666903e-03
872.0 9.6941531e-01 5.2879796e-03
873.0 9.6350540e-01 5.2718362e-03
874.0 9.7319776e-01 5.2982858e-03
875.0 9.7757336e-01 5.3101833e-03
876.0 9.7145566e-01 5.2935415e-03
877.0 9.7865863e-01 5.3131301e-03
878.0 9.8121930e-01 5.3200764e-03
879.0 9.8328778e-01 5.3256811e-03
880.0 9.8413014e-01 5.3279618e-03
881.0 9.7454992e-01 5.3019653e-03
882.0 9.7636115e-01 5.3068899e-03
883.0 9.6801785e-01 5.2841667e-03
884.0 9.6448774e-01 5.2745230e-03
885.0 9.6906729e-01 5.2870303e-03
886.0 9.6871408e-01 5.2860667e-03
887.0 9.6627641e-01 5.2794116e-03
888.0 9.5902305e-01 5.2595593e-03
889.0 9.5108314e-01 5.2377417e-03
890.0 9.4695200e-01 5.2263539e-03
891.0 9.5284339e-01 5.2425864e-03
892.0 9.4208525e-01 5.2129065e-03
893.0 9.3845002e-01 5.2028392e-03
894.0 9.3312068e-01 5.1880450e-03
895.0 9.2900296e-01 5.1765854e-03
896.0 9.2592779e-01 5.1680106e-03
897.0 9.2432017e-01 5.1635222e-03
898.0 9.2542573e-01 5.1666093e-03
899.0 9.1175067e-01 5.1282936e-03
900.0 9.0620482e-01 5.1126730e-03
901.0 9.1150582e-01 5.1276049e-03
902.0 9.1396542e-01 5.1345184e-03
903.0 9.1303342e-01 5.1318998e-03
904.0 9.1998356e-01 5.1513952e-03
905.0 9.2124418e-01 5.1549233e-03
906.0 9.2121268e-01 5.1548352e-03
907.0 9.2293907e-01 5.1596631e-03
908.0 9.1710429e-01 5.1433277e-03
909.0 9.1680923e-01 5.1425002e-03
910.0 9.0770906e-01 5.1169146e-03
911.0 9.0862358e-01 5.1194916e-03
912.0 9.1035661e-01 5.1243715e-03
913.0 9.0878782e-01 5.1199543e-03
914.0 9.0982079e-01 5.1228632e-03
915.0 9.0290473e-01 5.1033552e-03
916.0 9.0278542e-01 5.1030180e-03
917.0 9.0043367e-01 5.0963670e-03
918.0 8.9995438e-01 5.0950105e-03
919.0 8.9592750e-01 5.0835988e-03
920.0 8.9843549e-01 5.0907091e-03
921.0 8.9777145e-01 5.0888275e-03
922.0 8.9370060e-01 5.0772770e-03
923.0 8.9495709e-01 5.0808449e-03
924.0 8.9725334e-01 5.0873589e-03
925.0 9.0606430e-01 5.1122766e-03
926.0 9.0966224e-01 5.1224168e-03
927.0 9.0421973e-01 5.1070701e-03
928.0 9.0183524e-01 5.1003318e-03
929.0 9.0853392e-01 5.1192390e-03
930.0 9.0440577e-01 5.1075955e-03
931.0 9.1245927e-01 5.1302860e-03
932.0 9.1630248e-01 5.1410788e-03
933.0 9.2583968e-01 5.1677647e-03
934.0 9.2396637e-01 5.1625339e-03
935.0 9.2757239e-01 5.1725981e-03
936.0 9.2303997e-01 5.1599452e-03
937.0 9.2886093e-01 5.1761896e-03
938.0 9.3476761e-01 5.1926214e-03
939.0 9.3473931e-01 5.1925428e-03
940.0 9.4040896e-01 5.2082667e-03
941.0 9.4339393e-01 5.2165259e-03
942.0 9.5149458e-01 5.2388745e-03
943.0 9.5850894e-01 5.2581493e-03
944.0 9.5912955e-01 5.2598513e-03
945.0 9.6396330e-01 5.2730887e-03
946.0 9.6547160e-01 5.2772125e-03
947.0 9.6230910e-01 5.2685624e-03
948.0 9.5869027e-01 5.2586467e-03
949.0 9.5112086e-01 5.2378455e-03
950.0 9.5443575e-01 5.2469652e-03
951.0 9.5292393e-01 5.2428080e-03
952.0 9.5542911e-01 5.2496949e-03
953.0 9.4198440e-01 5.2126275e-03
954.0 9.4183359e-01 5.2122102e-03
955.0 9.3149758e-01 5.1835310e-03
956.0 9.3368335e-01 5.1896090e-03
957.0 9.3279962e-01 5.1871524e-03
958.0 9.3371208e-01 5.1896889e-03
959.0 9.3310099e-01 5.1879903e-03
960.0 9.2719871e-01 5.1715561e-03
961.0 9.2508610e-01 5.1656611e-03
962.0 9.3078418e-01 5.1815456e-03
963.0 9.3991168e-01 5.2068894e-03
964.0 9.4077889e-01 5.2092909e-03
965.0 9.4747622e-01 5.2278003e-03
966.0 9.4749919e-01 5.2278637e-03
967.0 9.5313995e-01 5.2434022e-03
968.0 9.5137320e-01 5.2385403e-03
969.0 9.5687073e-01 5.2536540e-03
970.0 9.6697140e-01 5.2813098e-03
971.0 9.8089371e-01 5.3191937e-03
972.0 9.7802812e-01 5.3114183e-03
973.0 9.8406478e-01 5.3277848e-03
974.0 9.8473792e-01 5.3296067e-03
975.0 9.7666872e-01 5.3077257e-03
976.0 9.7150749e-01 5.2936827e-03
977.0 9.6235902e-01 5.2686990e-03
978.0 9.6480558e-01 5.2753920e-03
979.0 9.6170582e-01 5.2669107e-03
980.0 9.6022498e-01 5.2628541e-03
981.0 9.6822448e-01 5.2847307e-03
982.0 9.6906387e-01 5.2870210e-03
983.0 9.7181286e-01 5.2945146e-03
984.0 9.6775667e-01 5.2834539e-03
985.0 9.7070292e-01 5.2914902e-03
986.0 9.7346532e-01 5.2990141e-03
987.0 9.7048362e-01 5.2908925e-03
988.0 9.6662567e-01 5.2803656e-03
989.0 9.5942684e-01 5.2606664e-03
990.0 9.6564289e-01 5.2776806e-03
991.0 9.6568257e-01 5.2777891e-03
992.0 9.6174857e-01 5.2670278e-03
993.0 9.6672237e-01 5.2806297e-03
994.0 9.5450718e-01 5.2471615e-03
995.0 9.6335907e-01 5.2714359e-03
996.0 9.5748651e-01 5.2553442e-03
997.0 9.5320281e-01 5.2435751e-03
998.0 9.6243144e-01 5.2688973e-03
999.0 9.6264794e-01 5.2694899e-03
1000.0 9.6564878e-01 5.2776967e-03
